25975
7305
1880
4069
563
7076
761
8076
3512
80763
64102
713
84803
3936
1520
2162
4318
6696
11001
219972
54504
1043
6424
11075
1116
929
2014
5803
1490
714
11326
4332
6355
1959
4360
25878
2207
83483
6351
85477
7107
3290
10170
397
3576
7941
3689
10894
2246
712
2124
64231
4982
8839
1292
5552
1890
65009
5318
80114
4854
2920
9770
115908
28959
4883
55790
4239
7805
219348
5341
2328
3115
51816
3162
6362
25903
5396
85379
221687
4929
7262
4688
6280
51760
2998
1359
6423
9332
151887
6271
6039
170689
347733
7171
2149
715
6279
54
338
8870
23643
2123
152007
50507
214
1149
116843
10457
51338
2752
1462
51330
2512
128346
7851
1396
1301
2532
7345
2919
79772
388135
4060
6192
5224
23406
81035
7128
2669
6275
3569
729
586
716
6035
64407
3751
1728
10655
389792
6096
131583
5473
27286
6401
597
83938
272
3606
5175
165
54749
389136
2
80760
7791
5743
3659
7280
171024
1038
9976
83442
379
3001
719
9308
116535
115207
10875
10631
9420
1230
11098
3043
55228
3280
27319
5996
80310
474344
5654
10400
123920
5209
6624
7045
3553
56952
7291
23171
25939
55365
1545
26084
7102
56654
2487
170463
2921
241
9457
55013
58191
5837
10673
4481
2350
3429
57552
316
53346
84935
2335
3557
219736
23022
57333
2213
5827
390
3075
3131
9697
80896
4015
1436
3587
4053
8685
120114
683
2359
348094
90865
57698
2212
51296
10203
22918
253559
744
4217
9535
490
2681
8542
54941
1397
51155
55876
23012
1809
8038
57495
84886
119587
26468
83888
10157
1303
9056
9242
148523
197257
54829
256586
56920
3113
5139
26509
91624
4316
5091
481
8404
8857
83643
9397
2313
26011
29995
5627
5360
10095
85012
57568
5324
7058
1910
6363
8825
50856
220
1645
347
375033
4131
57538
4919
8614
10553
134466
4329
1439
23239
65985
338382
2194
51129
3033
7412
55908
9353
587
22943
57103
3059
79611
26157
4283
57198
4240
10800
1111
80833
6364
8204
1290
1446
5329
2316
3486
9595
9934
11010
22822
4969
10402
1513
10345
6357
133396
51673
1672
85004
10346
6876
9124
5787
2318
83988
1847
5806
256691
57623
286205
7846
441212
1844
115330
4430
54843
2000
64123
650
5613
29841
2239
7378
53833
340719
894
3485
2947
58527
2635
8483
337876
330
7108
5641
6850
10391
7130
55711
64785
25802
1833
7122
4222
2274
994
84140
28962
23136
928
2296
51181
9473
5696
84215
7133
822
4542
23646
6004
3017
2558
51809
23411
84329
8490
3482
11096
3838
629
80380
8869
5880
7070
3693
10865
51363
56944
9833
8754
83878
3595
3909
34
23604
6330
23764
595
1030
84988
4124
1164
7125
135932
1512
3667
10742
286133
6591
91607
10512
9531
158326
94121
9435
143941
10439
5414
83595
6515
1031
1978
1117
11259
4337
4005
29931
246269
3178
6373
1193
54510
1466
23089
6241
3678
84624
65124
249
2888
8673
7922
6817
84976
154467
8682
55803
114818
116159
57415
57863
813
51267
24145
9046
47
23423
284611
158471
26154
4188
9208
1509
54102
3760
341
51313
57124
9997
79071
2730
9194
254102
29108
3394
64332
7422
127281
84102
221061
51438
9723
126075
387882
1393
114801
845
4281
284
5164
374618
8826
9499
22797
81844
122622
5551
64110
157
64236
8519
9367
360
4082
55026
5973
10243
3487
1491
54958
9452
113146
2644
7852
54108
2202
148170
3988
64395
339390
3684
56129
196
9961
9314
666
346157
54331
93109
3055
5734
55332
2533
962
412
85027
10272
7363
129607
80301
7436
32
55068
84515
3654
51162
58494
3759
29760
27324
781
3383
6282
254228
56911
84060
7100
23414
9282
9086
51765
9891
83992
26996
4363
57558
6398
113
3109
57419
55902
7461
59342
2896
3430
10418
7450
196385
5774
84948
183
400258
1291
10390
9805
27443
5196
5730
5105
348
23704
8452
5651
8611
393
63898
57758
137196
200162
143686
55016
4925
125
3710
285
79180
7057
1601
59277
3852
3775
81888
5179
4792
83690
145270
220002
29887
27133
3240
130497
2769
8407
1528
51085
79828
26227
23176
4066
496
1088
55033
11261
118788
1803
283870
8287
8777
5198
3087
8424
8477
26039
2982
2180
139065
5140
2519
80206
64859
5538
3929
1152
4323
257194
57664
10614
3949
2307
1363
3398
80183
92293
94103
4046
55250
7010
7087
9510
10516
10769
8694
131544
253558
50506
1318
340061
81027
6285
283554
282991
10019
10092
55273
92799
441150
10287
3570
7056
8644
59345
4071
6840
10891
83706
5372
55240
130340
23148
51196
81552
23243
5154
4067
8537
9
128553
27306
8455
81848
2119
151195
5010
84152
29950
27151
1281
9079
23251
64780
5116
7164
23450
366
23175
55604
4033
100131510
4047
6555
4522
124976
64805
1123
168451
727
1960
4856
3104
5493
187
161198
51066
29080
8934
30061
149708
26579
9890
84709
6387
1902
85441
124989
1808
3566
7035
51348
26098
2205
87
120425
115004
9677
593
143425
81832
57396
168537
50861
27289
346007
2869
1607
4477
5273
190
307
79746
10549
1368
2701
4803
57458
55002
6517
4330
5328
90799
11284
10144
6309
4881
440352
1475
100128252
3242
3156
4689
1286
57452
55107
201161
7103
83892
3347
6812
6001
6533
22885
1277
10124
114036
728294
53947
3973
3656
29906
9200
3428
8792
157285
5468
5788
11270
2781
10090
33
2203
112399
133
22891
10797
545
3776
8796
963
11031
4985
55599
23705
203522
2770
991
6770
6236
5649
3202
6574
92241
79689
137872
10261
147
80071
64092
2132
83982
4615
51102
6419
2643
51177
4889
10376
25805
8600
260293
1908
10142
8714
25800
283471
10240
9768
4913
25825
23467
1759
57639
7060
132332
3426
387763
2022
9530
7086
55106
55733
3563
10370
1191
3437
5092
57096
91608
23580
1511
3920
633
285362
57526
26136
3071
1503
1948
5138
221895
5111
84987
154150
9636
8864
203260
23026
64288
80704
1536
10599
30010
146223
5420
132141
3431
7385
4808
717
1407
126321
84171
4795
54714
3713
22850
10881
83452
57181
7296
5106
2983
401052
6906
653140
55713
50484
6832
55293
9834
23034
4247
5464
23753
53829
10577
3627
1901
57821
771
22856
6470
8660
8460
80323
8671
8470
4313
114821
283316
8910
91947
639
23366
55266
4811
594
3600
664
199745
3357
55165
6775
9446
6509
404203
5577
7358
51284
7018
51150
7252
5218
558
145389
283392
79627
149345
1733
26022
337867
25941
245802
25992
1047
11080
5997
3671
163702
384
90952
8288
83872
100505879
114800
3739
80146
91663
4317
54435
83446
3008
55055
2108
57824
148898
51074
5470
116154
10626
5118
9970
22986
65061
6674
4589
84674
10184
8989
134548
5101
3003
100507436
2055
149954
80208
64167
2828
55922
55286
5311
4594
6446
79829
5993
27237
6372
1961
2191
699
79022
9256
3344
5320
116362
54431
1892
869
55544
9277
57624
57820
2589
118421
23328
4352
873
3643
92162
257144
55754
55303
10544
4016
92292
10628
6451
149466
404266
114785
1060
4626
55784
116328
3006
10509
55503
10197
284654
79192
84662
10392
2200
91851
11199
51554
5367
3400
3310
196883
339
81537
1871
64782
51599
874
54949
6123
692247
1974
2744
23285
26013
51705
8688
2788
400916
7288
3117
64651
79083
132851
1192
3914
126
8858
54209
137362
29929
404201
169270
54148
5476
169841
5136
221749
55858
222962
5621
2268
4291
7089
7745
55041
200879
8601
10840
8092
122402
38
85236
60370
2114
80267
253827
166
3880
79725
8354
2615
26051
23645
1118
196374
131873
56648
161142
389715
54625
760
6091
3164
1306
1519
140862
51087
10308
7096
976
6772
25788
6514
79600
947
3396
23166
6671
826
284757
4637
290
7104
9021
51279
6614
64333
219899
5027
54901
8835
23072
58189
285172
3433
199
950
8863
2771
64776
6480
1360
64221
57136
80776
284808
27232
3012
7356
10234
4293
9509
64761
51762
9060
8756
1027
56922
10231
155
54810
9214
6406
130733
4758
91614
3633
7039
79625
286042
9182
112942
124535
2138
2275
10154
8702
231
93426
5534
2517
136051
56675
54988
79797
252839
400579
6000
6999
7779
140564
91694
6611
6252
114294
1832
25999
56833
3559
1415
645
3552
3554
5885
9495
26115
840
80176
10675
55526
100130449
1185
50515
2797
55816
4753
8334
3148
31
6505
375295
8876
3101
83742
92270
51703
9371
8635
51704
80727
199223
22866
5025
55959
388115
2326
79633
10003
79832
54407
7739
50940
4680
1287
152078
25797
1827
4958
6461
2049
51063
3567
2568
351
1173
8798
1044
4277
26031
13
81031
83716
5738
340152
147746
5833
2195
259266
3045
4907
6870
898
2217
2817
84131
9871
4643
23145
64115
9138
160857
1296
285755
6576
253635
7166
151011
2006
55852
10870
23313
115201
81573
8653
400590
10382
574
195828
10159
166824
11144
2534
4507
2992
220136
3769
8877
23235
387914
549
56935
55917
5877
1942
340348
56265
23493
84888
192668
94240
200894
57205
55812
5018
221
79739
124773
9188
84142
837
2891
401431
83856
1138
151246
50509
2220
83743
84679
6525
57733
150368
22919
3416
53834
1012
9757
1577
151871
4599
1992
54704
1539
53827
80318
5214
92106
3476
23213
342667
165215
376412
84262
1594
8905
4478
5650
55312
10714
57486
139221
6557
55766
148741
83953
7763
54482
6709
126282
6450
285513
506
9330
10555
79742
28978
79812
84289
9911
3934
54661
8284
7075
5595
79630
90507
91107
151888
54830
11309
6691
97
2491
23258
2717
115992
3916
6902
200845
84263
170384
28514
409
1632
89891
23536
4314
51586
5125
55320
51260
3417
1839
253782
5067
80304
9331
79898
100131434
7804
3685
9540
54539
1846
440423
6185
3149
123036
54345
133584
55131
9588
4621
23524
10149
126375
378938
1473
4246
4826
10462
113675
27106
23603
11081
10478
2798
27101
9638
9114
10413
1501
3309
91351
10129
3263
8828
22800
222194
9920
51280
9450
117289
339669
51057
10581
5699
11221
63940
441478
4897
966
6913
7221
4814
132720
3385
388699
2113
84281
57626
23318
11015
57110
7538
3908
114990
28951
684
55184
6503
27346
344558
161742
9258
23277
340024
7150
10652
10562
3479
3488
284370
388531
3145
5865
284129
114791
4134
115123
5155
1805
25875
10876
6007
128611
3419
395
163087
2218
4739
1307
326
4750
84696
22994
3358
9926
2199
401494
6623
799
57678
1954
84749
84912
4139
6329
55125
401233
2743
55341
114880
55601
11224
4012
345895
55589
51070
467
688
142684
51062
2054
92259
8625
51088
285761
3950
51186
7762
6097
172
9487
4017
50859
5321
2936
116835
10677
7003
55247
55556
29028
1235
11253
257019
10936
8560
286753
23305
35
4939
9781
3575
147991
23082
4151
10247
10168
56123
286826
3200
55080
4885
6774
8840
60481
767579
152641
6456
25891
92691
92344
10488
135228
168667
4208
27173
4900
10487
29087
64922
55740
23511
55268
5100
115677
7295
4521
10384
55337
8495
10979
9267
114571
9158
3948
55888
3938
56204
9619
6776
439921
56158
91647
221938
114915
8772
64748
91746
1448
7222
84962
80781
11157
80321
4018
4232
942
155038
2760
5361
55679
10632
57561
9865
54976
3231
79963
6809
5172
126669
899
4863
54873
2271
284443
1404
57493
84311
4121
6375
9584
79714
6276
158787
3159
55652
219854
115265
79626
2914
391
115361
196463
6622
10404
284098
8301
7139
79161
1311
51076
2520
1602
23220
171483
3911
6839
1556
902
6549
56203
127687
2290
5425
55081
973
10585
440173
4250
27132
8833
153643
55281
5685
3841
160140
7644
2009
9481
10525
2078
9728
665
6159
81616
9324
6535
56983
163154
57683
1747
3983
345462
6403
3913
4223
51422
84665
85364
7084
4892
84128
56997
132671
389206
3613
81553
4190
54885
6317
2631
9886
90957
84315
114609
51291
5269
1351
51676
60484
25957
10211
8556
94
839
64127
23439
301
2169
8715
64420
10660
4648
132321
2745
867
9903
680
55007
3458
3014
90853
64744
9201
79789
22999
157739
57615
79841
56929
23207
54842
100130348
148867
8832
2047
5753
6695
160
4256
7417
83593
2066
55884
84059
26015
51339
151827
91687
51299
134701
5992
4129
339559
85366
8459
8853
151647
140881
92421
145501
54497
9218
221150
7535
3455
1068
158056
3216
6945
84460
56130
6821
145264
356
245812
23659
114805
5160
9361
2997
152877
5879
140809
6164
10267
203427
344148
25763
41
90
6991
5954
10052
55076
627
114034
57088
26994
283383
283459
131076
157753
145773
197358
55596
50486
115353
440073
6184
84826
1373
84706
374864
2070
1618
3683
1628
152189
4850
58492
26577
56892
353088
116496
146760
84034
11149
335
728039
79796
7465
9369
6389
100132356
285533
11344
7347
610
53838
79857
7697
92181
83893
11197
55313
403340
5547
56903
1559
204
40
7753
3619
55288
158763
56992
10333
60675
4322
201254
84456
11318
114876
5274
653677
7701
10773
8433
1153
669
201895
283152
7404
5456
8655
5355
811
4114
4153
6648
7432
51473
6689
56895
1562
56603
2161
168374
54780
6102
10753
5034
25834
55379
9235
79166
22998
81926
8909
7379
215
338645
51619
5511
8622
1154
55374
5292
51651
6939
2495
23329
79581
2258
55824
90550
10513
4170
84660
6506
114883
11143
1826
65990
51285
4267
4286
7071
313
10312
9469
55114
54491
8050
55343
389421
84419
1119
8749
5896
10921
3792
5276
10590
123879
641339
79663
10351
26762
79888
257106
3046
7301
64771
1794
51450
5585
283078
157657
5800
3725
9564
29071
23086
201266
27343
3384
119467
54732
10578
197259
5066
7127
27074
132954
5020
118429
1649
127435
2593
10226
57801
84255
157574
7561
57559
2637
10058
93986
51386
6561
7077
1543
10050
6249
1158
9326
6217
10950
84461
5824
54951
79134
339327
2617
54874
6778
60528
8646
223075
8935
4144
91801
80273
4312
91419
306
79998
9590
5525
23248
5698
859
974
9213
960
80303
63924
2949
23075
83538
988
285780
23048
57214
6256
219285
84622
147372
59338
9601
285704
201158
26061
10699
120379
3251
4707
9180
85313
27302
57104
113177
27085
51148
54800
5918
444
64582
6564
64838
64174
22864
1666
23032
2158
646113
100130717
6095
1400
11034
5707
9986
22829
10216
27244
4199
375387
51218
51562
254778
5998
1644
56938
284018
3356
84314
84109
5015
11067
23670
51560
100131211
3640
5239
23471
22903
3298
166979
64795
208
85395
7138
5163
5678
3824
57709
23137
9830
51690
5586
7263
5216
6383
3814
84061
83480
4796
9318
59
55200
83862
79173
121268
79608
7069
10288
63893
9856
200539
939
8241
2253
53340
660
26064
4719
4499
5298
135398
79800
5569
6641
79933
9519
827
51015
910
143458
6432
11328
29948
143282
137075
8973
25932
164312
23231
10186
1459
84684
788
6868
3281
4705
7283
5480
1431
90338
10150
255082
55791
165918
8801
2875
81698
8884
3418
285381
84631
55062
6448
2281
23211
2052
51365
374
4128
51588
9604
9910
217
389337
2764
5264
4534
93663
1087
51303
80014
79705
4214
5453
2897
570
168455
150
4916
90990
7037
10268
5047
54790
219402
5919
15
11006
3491
54514
124
747
7755
314
293
3036
5897
8499
1843
10131
85363
6361
55319
1836
100009676
140679
148979
5925
121053
1299
23677
2538
815
1028
55284
6322
3767
10613
79174
22876
8632
79674
8324
134266
30850
117143
752
55236
7546
23743
2995
10669
55640
79070
1013
8507
4627
39
9671
175
57162
10412
81037
57465
4835
493829
196527
83939
85013
57542
55900
137392
4638
56548
115416
55827
10451
388695
4852
1215
5349
152273
1003
3815
25861
57717
4618
3083
23598
79191
10895
1690
9333
10130
1000
2247
27072
54550
56975
10928
3294
7634
8736
57691
728621
252969
25936
337970
5744
7101
3605
4931
5412
125988
132299
5265
53
10560
151194
79801
57451
51421
1514
196294
6195
2352
5078
1538
26133
4799
2262
84247
2528
120863
3099
810
57834
342574
4438
51654
127943
51046
6402
920
83543
9745
4179
1629
121006
55113
7324
9536
1179
55906
160419
3211
57471
754
9263
9935
2064
23270
2237
5207
283578
10011
114795
79572
646
55137
10424
29942
1654
81575
170691
2741
725
8087
26053
91433
55972
56262
10099
246330
2651
10767
4354
10449
10567
89885
11162
1048
50852
10882
388272
80177
5465
56666
5874
3641
51646
4261
167410
131920
4486
26507
51524
152579
3726
55680
55294
130951
1312
800
1780
22873
8638
64359
159090
1401
112849
3889
26353
25942
1515
2660
399900
763
4635
3857
57003
96764
4714
9414
29934
50807
6890
6862
9821
7399
6898
11151
3790
3927
29909
23424
9653
55283
6646
60489
84627
5728
6541
22875
8703
5724
3543
6838
10695
25849
55243
22929
81576
8224
414
2038
80157
129880
1592
6871
5911
2650
26063
6019
64410
60560
129293
9737
408263
154807
11138
282679
5122
6400
8727
200916
6210
5684
10467
9145
1240
5478
84928
6718
60386
5660
79411
745
222865
6013
10044
5133
150209
55351
3754
9240
6618
3269
117283
5055
9520
9568
220323
462
54904
971
92211
5742
1392
286343
79728
3762
9854
23316
58503
22895
7062
26330
8850
3738
54847
22944
623
84641
23383
148738
27314
3073
282808
4628
8647
6135
256309
1611
160335
1234
7932
1268
4607
5783
22837
4692
11009
2978
56913
28387
112770
55015
6218
11064
117178
3658
23593
54946
6990
310
51727
83666
84765
9743
10352
1016
100131827
5334
3589
3696
308
85358
7021
145957
1807
91942
23398
64946
9524
57050
253959
9228
4644
5948
1749
257629
5506
11166
1894
158158
54112
114908
4023
9839
7162
8445
124751
131
23371
29843
6295
54928
2521
5923
8131
84678
6667
10178
3015
2146
953
79827
222223
1828
114548
54954
284119
22839
80862
23456
2648
152831
2765
10627
871
55454
80110
881
160287
4191
112487
108
6041
29949
57794
6429
10008
6658
78989
51573
57584
2904
163131
25859
7728
7786
112616
201627
80055
5169
81889
262
8536
11016
8862
6909
23167
8515
58472
117581
79954
51466
1573
162073
203190
123
59272
3000
84975
5142
1293
1266
113115
1337
7299
51194
2639
3996
21
23469
8755
84552
9364
79147
6747
2885
284403
79148
4162
51715
55022
9753
53828
2688
80184
4155
7553
7769
9749
58485
3175
58473
4487
27115
3853
84259
85463
730
134
153
79730
9880
80724
23203
5031
9057
55362
901
9429
147011
8999
285313
23359
25758
22836
23566
9582
7471
55089
112755
84823
23101
55186
169522
3915
6168
22847
3212
79642
81501
9001
85480
2170
969
11275
126792
102
987
27098
2011
6368
7287
2273
84816
7142
26123
143471
5910
10085
79727
9037
51289
9592
246
201973
22926
339768
3182
5096
8805
317719
2838
5883
7111
4779
64131
7472
6230
9325
6874
10024
5252
84926
23507
23403
8726
51747
6787
10096
6443
4801
79365
84293
9406
2646
7409
1891
2250
259232
26576
440730
2691
10026
25790
834
3956
100129271
51710
9858
7738
8819
79752
57570
5162
1406
23780
284382
283298
9168
92346
2249
22858
8940
4192
200734
83930
94122
51099
79607
56776
64581
256710
201134
79865
23564
6281
466
54962
10281
3995
6326
146177
11170
6629
159371
3702
114815
51335
84002
55008
5796
118980
911
137835
284451
80131
8658
221184
55509
5288
284067
930
10005
5326
170692
139341
221391
11011
476
535
10818
642976
196383
55600
11019
178
9348
65251
10
3816
9127
3362
23630
3166
84524
85019
140469
134526
6489
1956
729230
55862
8028
51778
51617
23179
230
407738
374659
2531
23433
57519
1437
5968
114804
866
1131
1142
57464
1382
60487
53904
2537
6376
84858
125111
6655
127124
10246
57688
51208
9244
113026
79695
9836
311
10218
285382
4736
4013
80316
23500
1535
57657
221044
57572
10112
3301
117
1737
83417
51318
55848
11214
5781
8748
6863
6782
23286
151306
2219
84668
5792
23357
5737
3091
50865
55776
5445
6132
23080
22853
7633
5127
10521
84250
5926
85445
6176
29902
27145
27010
8347
23132
3560
2689
4752
100289635
27304
711
7168
1841
10686
133308
79819
79647
63934
163782
10212
170679
643641
9931
9863
148
56155
126820
25895
5866
9143
3037
55930
10072
8192
54908
1001
131096
2004
23479
80350
900
1196
83940
353189
4999
23204
56925
55885
977
5864
6366
727936
4810
2796
170482
26716
728819
153572
90167
90874
2596
786
55086
22877
92822
2556
55122
64175
6510
51138
57540
5093
708
646962
285590
11254
27439
2974
89887
26090
8552
171019
26469
22983
5500
1134
11055
54956
9627
199221
11182
23259
11201
51645
8382
84967
50814
83699
9635
5955
392617
521
51385
84836
56977
5407
54675
266655
2525
53342
55315
5358
22916
9917
4004
149986
7342
254268
9994
113452
4308
7481
904
55831
5213
3981
3697
284612
55821
124808
89978
56901
9972
78988
23499
54927
8804
114885
219833
8764
91653
3991
4722
93627
5922
57463
84914
9475
55825
8543
152065
9722
22987
79966
5638
118490
8115
9754
6434
54443
286204
644
83998
147381
8562
56133
8328
64087
56681
10042
81855
27247
60314
11238
6793
246126
51191
23014
23152
11250
79172
9172
7277
1495
9334
254428
51604
79613
9493
8349
25983
28970
285126
9690
9093
9130
114905
27430
60677
54795
4311
128866
640
643224
392307
26049
55255
116092
6586
3460
116443
8398
1678
57172
56288
55322
10006
10360
2524
22915
23023
56937
11329
6699
150290
7074
100129858
6273
57379
9500
4253
64960
23043
6169
3446
10962
8001
5583
6750
1806
84677
1460
84708
50964
255758
84911
347732
221981
1161
28999
4172
3655
199974
51002
64430
8802
112574
3937
8797
2784
25884
9546
1537
6392
170690
4245
10141
4747
56655
11251
339416
3116
23597
116337
401152
90293
6197
11282
55323
8492
113730
5230
55609
6954
54674
140576
7141
253430
7026
79805
4946
7132
79831
914
138199
85378
836
482
160622
9704
403313
10874
255330
4319
80264
5330
55504
4815
149563
51084
51333
10007
55170
7036
6208
2017
60526
5308
7942
6141
253018
3621
10269
3758
4938
11126
5054
6786
23392
2857
9249
1604
27125
256949
130872
9892
353
54206
5653
138724
64066
83990
64897
112817
8202
7534
149465
79145
58505
23421
100128782
2694
206338
23344
4701
55328
6496
55616
730094
157567
2618
55699
7991
9077
22889
4624
5969
29114
5828
9657
26191
116447
145581
838
9705
56891
6542
25827
6563
79037
4940
5346
9111
2799
93273
2805
83692
9312
55846
10383
3176
1036
401190
10379
51726
152573
81620
54931
1015
11213
1200
9586
3556
54982
10827
5270
4189
7702
30846
8933
8501
4921
79183
80195
8674
6660
51377
84103
127247
1026
83464
4583
9221
123283
25962
23067
84614
84955
66008
9253
414919
54567
25828
149699
147700
1977
5965
284996
8527
2131
9766
6753
57562
10469
51278
353355
23434
2016
3682
1350
288
778
4094
124446
5008
89876
51411
257203
54205
5261
54433
115362
2178
10758
54480
51477
9852
1212
5202
8416
11281
79012
7743
154
5514
84671
1259
55423
79144
1080
222537
149830
9987
25927
57144
25907
127262
7818
2299
22
4926
7754
57817
23051
55356
7482
53616
65065
5957
25956
55607
779
25890
59339
64077
51316
144233
3745
83606
23788
9908
56943
8509
84514
1975
58499
91875
51566
10252
1605
1615
23325
3642
1105
84436
57563
222236
283431
10859
2827
5095
3952
51257
493856
374454
11140
146556
64714
259230
26275
55064
9271
3169
750
6665
5271
91574
93550
57565
10635
1420
7201
831
80024
58528
388567
23120
5205
10389
4593
9262
54947
79770
54733
10661
951
64222
768211
23263
4818
23310
56341
24146
100861548
8880
6352
55274
26050
285016
79156
4233
57182
253982
79925
55770
10725
114794
3680
2620
10140
9686
10990
2634
1522
25831
6171
55723
117156
2641
4086
2954
54862
8471
566
9921
8418
26153
4340
122046
26035
26122
9419
79026
9581
128218
401884
9846
54581
1271
200373
246704
23017
4300
2793
128077
64225
197131
10174
154810
64983
26092
164781
676
79004
89
118881
81
27301
26226
57631
286207
220441
3568
1820
23324
4668
1269
5989
2201
9725
7306
79033
54458
199857
404220
9247
257236
29895
2153
6136
3284
439
55698
4175
5596
55211
1340
7454
81532
8566
80830
340267
83935
79896
10153
6905
374907
9654
25804
10940
283377
10020
3196
9466
136541
4600
11040
7351
57159
56259
200159
140825
10564
57154
81786
222068
3796
22882
26167
51592
57535
4676
2588
79883
3449
245
3593
51110
6209
10318
283951
203111
1773
22874
56917
5228
2243
2632
5305
10409
9647
57589
55707
145567
83877
115548
149134
55432
139716
84944
257313
221395
5657
3777
6103
3835
22906
3646
2354
25782
199870
22844
1823
79154
9506
4744
23212
1845
25998
137902
5097
112479
1979
1527
2889
1477
79109
7594
3782
651430
89796
4547
283987
49
25879
3748
5197
8323
7007
57512
54938
79170
56899
158248
79230
91750
7011
51222
2306
96610
92935
79956
3421
347736
64405
6698
1211
3267
120
89781
51503
4000
56946
4148
7621
162387
113802
26037
5604
10783
6920
4968
3315
84100
24141
148066
50840
638
1951
57190
126014
26166
79048
2590
94056
10046
51393
138240
1830
4899
8269
116372
81930
55577
5429
127253
58477
2020
685
55014
3843
55654
90025
25807
9878
229
64718
10802
3669
29974
6051
1452
23210
51533
429
5763
10978
253832
23558
7030
7691
1352
56006
3687
57616
84457
148229
58517
622
51660
4653
55704
6615
2150
56967
148254
23035
3839
148109
3704
254394
4953
382
60485
678
64766
23473
2690
5290
25996
8568
349667
10744
401548
643210
10421
10794
121391
80723
10763
64083
1072
22985
201140
8852
3737
10398
196500
24
126353
10618
28971
10432
54815
240
54221
84898
2984
59343
26873
51053
474171
9212
55859
54849
696
4338
3340
51227
637
23250
6597
147699
652
29118
79961
23133
1717
145282
140901
51530
9797
5193
64101
4544
11057
23660
1347
3753
374899
339456
57477
54821
6340
54549
130355
130589
199713
55568
151242
56906
84058
5592
84650
7052
8705
3484
283284
137970
8277
1670
84643
5888
57583
4924
60673
200576
8911
54827
11065
1938
6191
79927
2069
23268
6632
10801
123775
579
64374
64446
284029
114881
3359
4861
4829
221823
51497
2825
495
55856
22828
23287
285605
56829
158521
10713
4857
2672
10459
26206
4976
200895
83478
5272
283248
94160
1730
3028
51650
51569
59271
56894
80853
10061
3187
283450
1413
79811
51434
9411
25914
114788
113174
399474
65986
51170
643
284161
5082
54922
131118
166348
127602
1675
6822
5145
4724
140735
6390
9955
103910
1113
7627
1909
3755
85457
201181
79101
7337
7272
23621
10455
54677
7975
2358
8553
814
3399
3902
9023
23198
440570
29889
140775
23544
1002
4037
84902
160897
5899
9674
83853
7031
133022
4608
2581
375449
28513
1050
56163
139596
5580
25913
147645
1962
116461
23348
342909
84792
284615
7748
54682
80139
6445
167359
922
2145
348487
100133941
1412
975
7923
23620
359948
55970
84934
11069
56984
4645
440944
64926
3558
283417
7940
2056
157922
646658
2197
7411
7066
1339
2624
79741
145497
131375
7764
84692
27231
6193
4146
5672
27020
79133
2649
23036
23232
5777
151295
2571
285331
55658
790955
3420
9229
257044
4682
1298
25816
126070
10616
10857
27043
701
9448
90441
9404
84947
147664
25769
2674
3888
2331
54663
23601
139322
51491
1389
677819
27350
11215
11169
79872
4357
23582
146894
84248
29968
147808
79085
92999
65005
6568
152185
64210
79934
6892
348995
11043
10196
9791
10948
1316
25793
79960
79953
56945
55957
84735
78987
151056
3831
55585
390940
116173
51000
79726
57446
93621
1053
203
57731
84895
147945
55299
56914
342908
25801
9765
285636
140766
254956
346653
23158
153443
10456
3730
7352
4729
5797
51093
10066
23522
401124
85865
5454
140733
10444
1482
51144
256051
150967
84691
2559
9542
1831
51293
11311
163732
1056
7082
1017
53836
23024
25897
1856
6764
2549
913
8843
11026
4010
6297
5937
11332
127833
80135
84226
5267
201798
9370
8820
79153
162517
5378
85458
81551
1743
439938
291
80317
3910
116842
55793
8522
3516
5168
6129
150280
3611
130132
5519
50632
740
9828
114793
7224
81566
121260
59283
9529
84270
642273
23160
10335
3442
153129
9968
8013
1643
221785
27440
54980
4867
414235
80216
79943
283742
4893
340526
388685
4983
126731
65084
256957
23463
9643
317
9131
84938
5862
29951
4597
347344
9100
79656
4331
11315
1380
6147
51334
27042
10930
54707
3112
2185
27254
341567
58
3958
3882
29100
6916
51
136332
10816
2915
9844
85302
399948
4237
128977
54768
8878
56674
11077
150160
257068
100169989
139886
55230
494470
80351
58500
441058
84125
6203
2792
84909
56981
54498
886
92689
51121
10982
2300
1366
140578
6888
84146
79017
266812
10915
55256
51550
63939
3628
10059
11179
389434
645212
10102
4100
56271
57787
10650
153090
1812
27291
6927
3887
3445
10105
9362
10225
9368
374868
57045
5915
4700
23409
5741
195827
7135
374407
55671
55005
57047
80739
10396
10025
57524
1579
11062
6857
1608
55120
2134
7518
400629
2177
6493
5771
79016
4696
25873
79155
60678
8320
57823
6319
1786
120892
636
11129
81849
9403
7143
5589
79868
257
64121
79095
54413
55511
10475
10694
144404
54463
126119
114803
55151
5049
64005
11260
10325
675
257169
4035
54765
23217
5518
9750
9231
404550
1455
11063
27434
577
29888
54910
8667
6507
7554
120526
54915
9956
9045
11085
9407
9870
7029
1414
133688
151903
7403
3068
5924
3030
9436
2845
55344
2887
5325
257160
145508
64747
144501
10897
285203
23506
11153
171220
11280
1671
56667
7626
10541
3009
28639
6550
9462
533
4209
54072
127002
57478
670
123876
65055
57152
4125
7429
2898
200185
4794
4782
23284
10877
388581
28956
92565
5875
2676
5071
8634
150596
284001
286499
9860
84203
89795
36
8574
8412
8629
80758
79176
3081
152756
5701
11252
145748
201243
158866
139135
9047
27075
7479
7750
2252
1815
4935
2033
7024
6612
1258
150737
54545
66002
196951
401320
79582
6152
5740
92235
10557
25853
64919
7905
23429
255101
54799
6720
53405
64699
4901
51059
1804
64320
140628
81624
1057
5104
2621
25915
6844
441951
151636
147948
245973
961
79776
133383
81562
6924
2837
90427
6018
28965
79668
6795
389432
286006
50512
4585
9260
23553
116969
29992
348013
88455
10518
2876
2712
948
11122
2043
10644
10491
26238
84309
6687
80128
160492
79654
224
221191
24147
55206
83876
9472
7421
55506
27335
2251
11074
50853
7462
8823
26054
100526833
23191
6932
152789
376940
84698
5825
7529
65062
221830
1814
51804
63916
4603
92170
54517
64770
4723
64324
10298
4358
23052
100131755
7032
3623
5610
146845
92906
23587
690
375248
79751
9351
79684
399668
4802
9425
11173
134359
200634
136
126823
5217
9843
2968
10285
10845
7023
10531
9095
64223
2488
5981
286148
6263
256329
90488
5440
80012
23216
6327
388882
23394
7384
9069
57636
27255
26059
148362
3234
140462
6045
57150
143872
219699
9354
2824
9992
6621
729830
10620
1041
79818
6911
10205
57403
54838
5686
2245
64417
10501
1009
2986
5236
80213
8672
192111
3691
100127950
79094
7597
130574
6578
7067
89122
9895
197135
23769
735
1386
1558
1356
343
26523
55854
10114
91298
10053
4942
51179
10255
10427
53343
23161
10371
468
51164
84071
56005
56850
207
2492
5906
1021
219623
5717
55806
10135
57134
286530
2101
56255
10730
3975
821
9203
9912
220164
84936
5531
58495
26284
54875
55897
55780
2956
11330
5893
9806
6580
4335
79624
4142
23576
55890
403341
84269
30815
4582
90342
51068
65258
1641
10981
7405
116254
8408
55246
3597
5801
51091
84189
956
138716
284071
56886
113402
5618
4588
23293
11257
79892
126374
55686
6439
6300
2516
83608
23431
4099
5339
11118
57669
152992
10902
26575
5573
10293
327
57835
11161
4008
54536
84417
90956
100129482
10743
56934
5675
56121
29068
9639
3293
10480
84925
11014
23759
3959
1282
11046
767
167691
103
23299
4868
3225
163778
3140
8780
80852
375484
4642
26960
440590
221400
54496
4200
10663
151525
5173
80315
6738
140683
22881
9776
23741
10051
54801
84970
2110
84188
23518
10309
8991
163786
10610
9508
9104
55057
57407
221806
83943
400451
148645
9356
1329
200403
3195
8743
203062
8209
11117
51103
3620
2193
387978
598
64978
1175
10049
55819
29763
9814
219855
57161
113763
84080
64431
11331
5634
126003
8502
9355
23480
8814
7416
11178
221458
50846
22848
3998
9488
1627
150465
6294
3381
1783
84333
317662
10888
689
79659
51528
54058
132203
161829
139728
120071
25977
84649
3977
55204
54968
5739
255626
28960
92806
388886
79228
10278
93953
286257
10558
27129
92126
7692
949
255057
84062
152926
51011
267002
10868
7783
144809
159013
23150
2019
51382
92922
57573
124220
57567
23389
57018
405
64849
79711
2312
3675
55905
5507
139212
6627
221264
820
2872
408
50999
202559
3090
151649
11005
5366
285097
377
55164
64429
56993
5499
285367
23360
201725
6310
8406
5255
54606
5898
51364
84775
64799
51581
3214
10322
55628
51367
51154
80028
8555
64864
90637
9655
282969
55520
54328
25925
10884
135138
287
1387
55317
283455
256536
5076
79729
8712
23192
5652
1284
258010
22796
921
27012
64843
11313
285195
26119
343450
347902
121551
441242
5562
7051
26589
51231
23194
292
4185
11183
26470
766
140823
92291
255926
10659
6820
6447
147727
5732
54557
9771
2165
100128124
25851
51441
91775
55830
1008
4860
5296
348180
5408
4054
57763
64343
55167
1620
123722
23076
10924
523
218
2846
3765
6620
4625
57508
7048
8175
8174
340385
1317
3766
1378
57578
253943
11017
2779
60681
732
81615
105
9919
10761
389320
22949
2018
517
93082
7292
389
10666
92840
5934
2104
374286
11172
27152
2815
124491
8793
373863
84268
64784
8722
10752
3209
9126
131405
259197
23109
5872
55578
1725
2041
84961
5881
51236
389119
55768
7485
4927
267
3483
832
10671
79658
8379
9990
56267
201191
9831
4731
3329
84661
6988
256369
9512
9513
3601
2803
147183
121536
22795
51306
340542
59084
83640
151613
90627
1107
4604
1889
56164
6469
1968
22798
28955
26277
23095
23274
84101
57148
140894
57556
57380
52
2155
55540
65983
644128
57549
84720
55742
1444
10202
26032
1429
64419
84530
3846
49856
219938
1610
605
8800
57402
11112
2999
10804
283237
284613
26953
10923
387718
440603
26091
5052
7466
5251
4884
115761
954
5791
3241
51311
83891
8022
3598
51230
400931
127703
2870
27347
84332
6610
154007
8888
10057
84791
51512
55160
23129
7741
91461
10992
55536
206412
4606
4734
84520
5286
2107
56243
55039
254427
55198
51312
1010
5795
55892
84868
55808
116068
2734
5314
57118
25960
25963
9755
54977
169611
148266
6855
11176
150372
135293
127579
10110
9656
92002
6513
9002
50650
23071
2305
29851
221481
1358
5275
2932
10598
10741
27351
124801
5137
54760
94015
142679
152137
57120
9365
79015
283651
143503
23552
201799
9025
752014
25943
3110
344887
51283
23361
55075
2791
79792
10111
11072
219654
23138
4790
85439
441549
51209
2961
9377
8615
27018
9861
22974
124221
164633
2703
4703
83987
23221
5357
9149
144717
100
10094
85440
501
54627
9569
1776
10766
4061
100128285
11230
64283
51347
282973
79609
115196
58478
5068
6910
8914
695
1213
285550
1479
54546
6497
494143
732253
6768
1288
4356
113791
10559
26150
4632
2877
150864
79621
23418
57701
3662
53635
91749
6526
23016
2045
84872
51559
55626
7408
84000
662
463
643763
199777
7251
54890
9053
325
196441
6942
84335
11245
26985
25929
309
85451
55850
25840
100130889
79852
54923
3574
161436
200523
3053
55666
3577
4353
1869
10653
10791
5619
2547
6121
148641
114327
440556
64855
10172
54884
90592
6811
27178
8661
22901
83473
153918
2913
8620
116442
5990
9685
221336
127003
84885
84666
9118
132158
407
4706
8260
23676
100101467
57216
23229
10786
6730
6590
93649
221424
348645
10991
79165
22820
3964
348932
5291
1203
55746
2811
161835
148046
219793
148581
1587
51259
2548
6527
332
79719
57692
2747
1650
51460
391356
582
55714
80728
5001
9061
22980
11320
79710
55510
9669
7220
7994
26290
6464
29926
171392
29945
9019
125488
4671
79781
4090
7349
4711
4917
159989
4774
85016
55500
81792
79583
115111
85315
221786
140706
285671
64847
4704
79837
283229
8837
5567
126129
9088
386618
85359
85015
6334
9967
220134
6554
23168
9692
338811
27143
129530
401207
84843
51496
51253
112611
26130
353500
54534
10693
53822
27079
7169
2554
54149
25865
127933
63874
83882
6540
84844
10892
54511
129049
8336
84787
199731
119559
29105
147463
30001
9738
147040
151531
181
57459
9275
9032
3185
388387
9576
8330
5702
55683
84717
6059
6645
283219
7311
79940
23415
9441
57715
8875
9132
89822
29116
1302
5000
84327
10286
5170
79089
83861
28231
23059
166378
2059
10692
157773
81033
8444
6094
255877
8662
26289
8402
27164
4249
10563
23770
11033
374378
116236
2523
374882
84364
1075
10548
401024
171425
84690
210
10215
1955
121643
78992
2176
54477
10798
4166
10450
84675
79990
55659
92092
312
162239
129787
84190
27112
492311
9141
55000
23351
10207
2899
3836
2028
79598
56999
114897
29127
2810
65250
23307
116448
53371
6452
27229
23234
64319
7499
1829
7386
10208
132014
8925
90317
127495
10939
123355
79188
7433
3024
22801
9788
10781
147872
10199
81030
23057
11094
51380
84251
55620
10227
8450
348938
51430
1025
733
79845
10788
138311
5631
7716
55437
57143
3550
9402
387601
58516
51523
5337
25988
90313
2645
493753
22909
50805
6138
83874
54878
10724
341947
3898
3308
124790
146057
56882
389677
112476
3695
51295
26099
5608
138428
5977
6143
57336
285220
7428
5090
10912
8836
4502
7328
2058
63946
84418
90417
127829
55811
2515
9313
1411
84073
6303
80021
3171
10324
9366
9758
83642
50636
59286
8784
23077
84279
8874
1073
5376
3199
11267
195814
154075
1272
55823
642864
10785
7092
8405
169981
5373
8630
3786
55872
1326
4820
9659
51116
170261
57828
84179
23732
5611
3155
10637
796
128653
23184
51668
4702
84542
57326
10260
10476
116931
83695
2042
79803
122481
10959
8061
25948
57414
25928
221322
6813
5553
58476
60488
57228
2922
100128327
7022
5983
9246
79913
2993
85413
4355
1777
9630
56849
5446
145741
7042
65265
18
441204
22979
10499
420
139324
84942
8513
492307
128344
11100
64965
3858
51061
27287
10681
9960
488
1778
611
6166
23396
9139
161725
11167
157724
128989
9110
10302
57151
163051
58508
5494
10641
283375
146909
65082
55282
7016
4297
85450
158405
342527
161291
197407
9837
283677
7458
146
2494
55691
2853
57827
28996
3551
415116
79899
79836
80381
90594
54665
8861
256764
5600
5931
23543
4686
26000
5279
27036
863
706
51655
3578
25888
6706
130557
9562
8558
27290
9945
2204
54802
147495
1606
4693
54414
84529
26281
7903
7080
9975
126306
79698
153562
797
23483
4211
6428
550631
8821
7380
6235
6921
55521
115098
134549
22996
9894
3918
90459
26503
339883
4685
4085
26263
55009
130576
5243
10668
221756
1758
6530
391712
2051
27071
1476
29801
79666
8631
7175
146059
131474
126208
84814
64641
221079
6050
57529
91544
2980
23461
83737
11054
265
2125
2272
93035
157506
1327
22898
28512
9651
30812
7373
3742
5620
1374
64863
84319
150244
5720
83933
124044
9360
60
139411
8443
57007
4956
11027
23554
10128
84856
127733
26279
375444
64928
91057
283638
51531
3795
8613
400710
3108
4616
26986
1051
2002
119710
10493
11024
22832
92979
64067
256130
140890
22995
10363
8449
11249
9695
114987
9020
1967
55324
60509
348825
162989
54766
9640
25759
2140
221178
957
117154
9209
83786
55011
10393
375790
729440
8456
64924
138009
53942
55759
7332
8908
340168
22887
2673
8605
10507
3061
8942
654433
54700
166815
63027
5626
81928
11102
6500
399818
150297
4849
114088
5268
27099
10561
51226
8467
1237
8446
3062
1381
285268
50614
55738
140689
79027
50514
84277
4285
388394
81831
286359
2731
10458
9040
205428
6676
23201
54870
221504
624
2303
26001
6599
79791
23200
23362
163227
8829
23283
475
375704
6422
4063
112885
133418
83903
10580
9649
80335
261729
100130428
10171
9423
5256
5426
203068
50810
10645
56616
387590
1209
3084
2286
91300
6650
1468
129285
220074
23126
93973
7038
80217
54715
10592
2567
84570
81873
115209
80742
619279
114971
390616
5301
84864
27252
8665
57530
329
9563
7879
54386
9392
10529
661
3273
6117
29761
29124
732275
9577
8929
53831
56848
9978
55612
7156
90411
6694
1398
155185
128861
887
169693
116285
328
222389
284323
7227
27122
642938
29777
27065
165082
29911
51294
7705
7019
57405
57169
140609
57605
79184
2530
5375
145853
81578
9204
4528
55619
401265
92521
284252
10126
51300
60491
116085
5368
7059
7136
84958
64219
7319
140738
257218
25923
493869
51428
57176
83707
91582
89797
4978
83700
8633
84818
23116
2874
55634
9819
4036
8425
6238
84969
4617
152006
741
79632
8508
84532
608
1141
6202
1029
26036
90326
657
6342
57703
2012
6118
114569
6993
113655
286827
8453
396
6405
5495
132204
117247
23321
84458
375743
64061
125875
91137
84809
7134
28234
22900
57650
51561
10054
10911
2563
90060
4437
51156
9245
57038
5471
10946
55352
9626
4717
22845
5715
1953
23002
8368
51247
7920
388503
4848
5831
411
55773
440836
9091
84971
5327
55786
4001
121506
80022
25794
7368
283129
9827
133491
255426
5912
91978
9620
25874
1489
10344
3707
8464
23443
79847
7325
10494
5624
9013
11123
340252
22862
51545
176
3038
5184
1163
100144596
374973
2570
100852405
9610
3215
443
3990
122945
9108
5434
338094
353116
54329
10898
1793
83639
57348
55130
8525
55783
1362
56131
83475
8036
84901
7480
578
10772
3756
80821
5238
138046
239
201626
51082
387119
90933
56953
26229
27345
93190
388753
65018
84991
648987
5636
4194
10317
1525
84451
23240
81704
941
90321
55321
80332
9965
22868
5165
5982
334
8517
23019
498
284439
283643
4145
54093
9514
23143
131578
91754
339778
5829
201501
55744
64412
284739
10017
29088
56987
150142
54852
6900
25786
2334
51649
55450
4761
2304
28984
54440
55705
140680
56923
56971
51023
54758
81875
2550
84070
89886
56964
9783
54981
94039
6272
23612
51548
6616
124512
26175
3837
7827
10078
2729
10023
11202
54436
10863
79895
3933
4092
340533
65080
353324
128229
830
84154
92105
163859
54948
1969
160851
7294
6780
339122
6830
3823
5443
5029
29989
64599
197322
6748
269
23585
23513
658
29893
79602
4659
6736
256281
5212
51248
1544
8892
81790
54454
79904
1155
83852
55728
8678
51026
23614
388021
57122
51142
3213
163
4833
29844
9058
729956
6856
4150
25900
100130613
26249
5535
84280
7424
1875
5332
64757
84830
80263
221937
158800
11274
57515
8518
10712
286101
9329
29035
29799
2010
9382
51122
84376
83445
4609
2569
8706
163589
55260
5545
1739
5921
167
8326
57644
374291
55614
50674
55034
153579
8548
11103
6582
1983
43
222484
2890
152330
146279
6668
7639
3351
55096
84807
4342
29034
23209
256933
1114
996
221294
8813
200298
375056
121273
4221
79709
25973
9459
219
55101
54867
7043
8427
4605
80326
83850
222183
1840
7225
440465
5393
64423
54906
3752
9694
342892
5313
10420
6882
659
5557
23170
90075
5784
8065
26273
57706
2687
10075
84275
55193
885
7182
389336
143098
9534
133690
4694
55090
6304
144577
5607
4828
3313
7551
5876
51768
51184
1674
22913
6194
150572
1180
79077
10009
55840
2297
114984
965
122060
9223
4780
51735
10999
4435
283673
92370
2050
4204
23125
56942
404216
254173
54039
388121
917
8000
80344
6531
27334
9808
27246
79699
359845
92400
25822
259
2733
55779
51447
7200
9933
445
1741
492
3364
22854
84233
56241
1145
8938
2622
10880
165545
6581
64135
79025
148479
3854
143884
1630
26094
8428
8411
51601
2987
257062
85021
8578
200844
80255
51307
6543
51366
26088
5537
10524
23373
58526
66035
114132
10139
9780
59285
390035
5980
924
978
57786
79893
113612
5260
56160
150353
9552
7097
168850
3235
65266
143384
79882
10971
23416
5599
196740
55366
9266
146542
84168
3208
152815
150763
22936
10408
8808
5930
285429
135886
84681
60496
528
56256
51024
129804
51327
3827
10765
7165
65260
55958
57677
22849
6565
8848
55539
354
28992
55342
10237
23746
2879
90864
5351
7516
326624
9398
10201
134288
460
5340
122618
92140
54084
9684
4007
6901
79623
10907
25945
81688
2829
65264
196743
22803
55749
3798
84522
22937
150962
26074
286103
23617
56672
79820
9913
199675
22883
51097
6382
9969
23113
81570
7775
10523
54518
26505
85462
79691
2077
9559
131034
2330
51304
191
10436
10552
51171
80714
203102
55502
4898
60680
7512
51131
3371
487
116449
23562
92558
3094
11045
84893
6257
401551
256471
1208
8824
9352
682
80726
11101
51435
133686
319
7542
114798
1201
11097
54868
90525
51699
79074
2067
3608
649446
54742
148870
8900
23639
4303
1738
80331
55030
7727
100130275
6196
2001
26512
11107
51308
283150
57037
121274
55024
57221
5208
417
163259
2774
83548
6548
79962
5901
196394
81627
10985
30011
347273
26298
4193
2981
79001
7381
55223
9044
1588
130271
2444
2037
3514
26286
1440
58490
1070
79092
8602
7539
213
118932
114042
54916
199704
27128
58486
3218
4298
9896
168391
29953
79603
4359
9938
9663
7589
26018
7494
7247
79650
64963
5442
51759
9486
400926
345757
10573
2957
5250
63929
10326
8690
91703
7153
90843
56169
54839
256158
11164
80129
2700
79087
9254
51275
81550
64853
56890
64839
54952
116369
201625
55661
2100
81614
318
28989
26521
254251
11248
7369
5695
112840
80023
93210
91319
84645
81669
25871
118424
64168
7025
23186
25836
84557
7855
339240
51282
8636
26525
54806
132660
23650
10947
57634
140467
3891
350
7584
72
55051
255798
6484
80740
57476
116441
59082
170960
57153
203414
734
5886
26103
387032
2582
79667
22990
57102
9703
58489
11136
164153
23338
57613
284716
347735
84993
5502
341032
2173
79939
122809
26872
2317
2135
81839
29946
54995
79064
509
391059
273
2835
92304
26517
124583
201229
130540
6651
26548
89846
89848
284338
55331
57002
9074
169026
9283
10056
348793
79977
84989
6391
7274
81544
9415
100128988
2151
55588
8775
51056
55094
22884
79042
55929
4580
90423
1186
3861
389895
113000
8776
22852
152404
1572
55646
2065
11061
7789
23060
53335
151258
5190
3227
6601
135656
6944
10440
3785
284273
51160
27165
2302
2626
30811
140893
9140
23462
10726
147841
63948
7014
8621
1874
8603
65056
990
55573
55690
137994
51389
10232
7917
5003
10253
9107
10190
6331
10282
6482
84687
5932
9718
134285
1583
57017
7988
339479
79639
199720
127540
57596
4097
759
5935
9187
55471
96459
54887
347252
11004
3299
147694
54587
51118
619208
57574
7015
6161
63928
5244
1499
54432
26146
9456
80328
3305
7507
3781
1849
124222
6301
247
149041
202915
23304
51239
847
9033
4149
51237
255275
1236
55020
51187
2021
5307
57659
51008
11047
10466
84996
8787
390999
8547
80762
23255
6296
6845
149998
23291
50809
255231
8100
51761
134145
23054
23165
5411
10233
1657
10825
23173
55117
57534
10600
7264
333
642
129852
415
114826
1981
4908
80148
2068
322
9857
91392
57805
10826
149371
55835
160065
3925
84196
51754
372
6010
64111
254048
10622
55287
399
1665
23468
9122
11228
55967
158234
11152
83715
390502
3190
525
399947
63876
9183
6477
55069
10495
54925
9413
6677
27034
11340
55082
2026
57178
6670
3217
93664
51228
6426
11345
51081
284900
154214
945
203238
148231
8626
11020
2695
83660
3912
4841
6810
81577
55238
57728
3791
126133
203197
11255
3066
2527
55291
9039
635
125476
23061
865
526
2023
389084
161931
375686
339263
27037
339324
26355
7289
4869
321
157313
55716
3490
6907
200010
339779
515
92014
29093
1233
7158
5316
6713
2122
4733
56242
56957
140545
2099
5526
57620
54850
5527
9550
91272
53630
26508
54438
64432
10989
5433
8270
147965
23615
997
83855
27183
51552
158358
119392
9379
1136
25924
1471
79758
64901
256356
81931
57192
203447
136227
100170841
1857
164
55605
54626
9515
158880
55435
171177
435
25989
5693
51666
55608
647024
6872
168433
2542
1746
83605
23551
8448
79056
56052
10435
7844
5900
6473
4241
6835
644714
341676
221656
80856
85444
5019
27120
10062
149951
149643
79947
728606
4920
10248
9400
79924
651746
10961
55781
9615
2813
5394
169200
51807
79854
23276
57472
23053
91782
8473
55037
55065
11137
84057
51602
9055
1428
54940
5475
3897
130013
8890
23588
54984
7592
84159
89882
7533
23096
93589
57492
113220
26033
10213
3673
65125
130507
135152
6521
5315
6374
8604
9779
147179
222166
2230
5048
5347
115557
55677
10856
8928
55676
340075
84883
7248
27159
23081
2852
23233
132949
7008
124626
140880
1390
5871
11337
79783
5079
3065
124540
770
57522
203523
2628
2619
11130
6837
342035
433
8161
162540
284349
342926
79718
9424
5612
8491
140685
1939
6407
5045
100505501
5711
10100
5967
55017
135112
84669
5927
8394
83448
135295
148137
4675
4720
125919
1585
27327
387
63906
9363
84904
28981
196513
338661
135948
89927
54465
8666
84316
9985
64428
5733
10229
55635
55258
284297
10406
57462
6002
6119
6529
2562
55301
643837
8435
349152
91408
163255
9442
147015
8639
1371
10081
8454
55515
124359
5688
6594
222234
27288
7980
5284
84804
26145
64768
8312
5873
11231
24138
64794
730249
5575
128414
6433
10913
23262
161
25820
340351
81034
128602
79745
8564
6508
57690
6873
6579
57673
1264
55140
57107
56986
7993
23466
27253
4832
84068
129303
25839
8872
11336
84135
553115
251
90390
9080
967
8139
54165
3875
117248
55227
51379
8533
6877
3800
26056
226
154664
143
55270
126272
4058
340156
348327
83849
11276
57648
112858
6242
132001
254439
10747
23102
55501
25972
441168
596
2332
6617
27148
9678
1140
7918
7874
57409
10350
10388
23039
3955
8029
5520
51175
10922
51471
84253
54622
8733
59349
10425
83656
1410
140850
63917
124565
389541
6307
7321
9096
266722
3987
5691
124599
3093
84896
7204
100131454
4493
340205
90987
58488
222826
64798
51268
4212
23654
394
79842
147807
23244
23090
1848
11278
92714
54434
51412
84549
90736
4666
134429
57016
54991
63982
85320
84630
3060
5438
4613
8731
23541
9528
10473
11314
80774
162966
23586
22924
143570
5727
2053
170392
84640
3297
55257
51263
201164
79442
25961
219681
54617
27429
51372
55036
56157
7073
4154
374768
55295
23335
26272
3292
51427
3029
9924
113201
338773
23333
80851
7054
5146
22928
10221
112609
9451
2553
55867
9464
165679
222256
25906
10079
55239
83648
9947
9146
79935
9971
5571
28991
6717
93233
4118
8436
10956
129450
10866
2959
3609
8912
122830
51035
6928
5591
57695
221491
5132
84295
2696
22989
7555
5424
2267
55663
10748
3452
27341
537
126299
58487
25974
119504
8500
1854
56605
3747
25959
26578
3866
9989
6522
91179
388722
26082
26998
10640
27146
55364
9154
202018
125058
256815
221143
162681
26108
6861
2675
55161
171023
93099
23164
27300
51315
10806
26046
64927
83857
2801
23647
23774
149420
342945
8907
9064
60684
8899
8573
5830
11338
84842
4855
129642
90506
79006
128853
118430
29063
10873
10021
90102
10277
54596
554202
54751
56252
27147
8676
6917
253512
3706
4887
2256
931
28966
150274
158830
54020
51547
6015
57593
7752
5431
65109
2172
55796
23339
11333
6865
399694
79874
145226
5289
1785
440184
3849
3884
79983
153241
286023
54834
5988
10086
1748
554203
122961
23762
63933
79573
7110
26007
126074
6938
55138
11321
55190
9928
65992
8707
63910
26585
10249
9667
128308
220979
2709
2841
337882
79915
2128
203074
157378
3592
55334
85025
51188
10885
79754
22890
116150
10654
8216
79713
23317
9820
6233
2475
8226
26002
6547
442075
6188
79086
1160
9541
64418
280664
171017
55225
54805
55326
55832
7027
10193
94104
7707
157695
389289
664701
3957
132612
392
199953
7126
5987
55449
7187
9777
26504
9726
6498
10736
254958
54892
5566
54531
150291
55251
57157
112812
29959
5451
374654
5364
118670
54494
54898
10916
91807
667
51520
10289
912
79697
9787
23404
222487
10368
8440
57338
55775
221833
23376
9071
6502
347404
5805
143279
55719
92070
9048
5962
10735
2152
23252
53981
55194
55133
10121
192669
23508
8642
6815
114819
9962
64518
11022
10109
129881
83734
4879
5195
10539
2232
83479
3141
7567
6539
388125
85360
10106
118924
55191
9197
126695
9815
55001
11076
7544
338579
340277
5129
19
23417
5706
26259
1345
79843
56904
142680
7157
5121
93517
57545
9477
100132341
8745
345
9991
2902
28969
7341
92342
79873
55298
23616
12
64969
138065
843
317781
225
6875
100507135
345222
55571
126433
6777
147906
56253
541565
10472
84910
122525
23154
3820
137964
85461
79629
23492
150468
4070
10010
150223
55966
165055
92609
10485
9321
3201
158572
1417
26751
83667
22941
27235
722
2186
284904
54972
57819
1735
51205
81542
4756
59348
81929
284361
284111
55129
1385
161145
54853
6314
23332
51292
26211
55508
3320
5201
388335
8086
4126
23583
4257
2315
6836
58986
7580
9043
11234
83758
2819
388569
23390
84923
203069
2259
5782
3705
24140
8165
29089
6584
7145
133015
196996
80212
6653
23242
22927
388585
27340
89870
93
56954
57799
54457
79694
8618
140688
6643
2906
57576
51661
5069
51021
26999
2996
7041
84267
55841
8498
5359
79762
833
30819
999
79886
7916
29997
159963
8941
7297
5756
54893
1510
8484
9862
148014
6728
51606
1958
91768
57479
387638
5134
389874
6604
54344
55269
9112
4697
92747
5568
2661
144097
857
114900
64065
50488
9980
60676
26156
116179
8729
55224
131601
55603
6755
7871
23658
4107
9855
54974
286046
157638
51465
4988
27035
389834
9825
389376
9866
84572
4321
163175
5007
84504
8273
162461
130617
84133
64422
23498
64802
91862
5509
26747
285343
642475
147687
84065
9688
11066
25824
10809
57408
5073
5689
51440
64763
25876
9721
29988
5646
51686
79921
286097
3052
79833
85479
3265
4038
255919
7249
131616
11012
3904
6338
145173
84303
6239
54894
6299
91584
8540
64902
79158
9480
1802
57658
64411
54439
4751
9491
864
10266
10300
286262
59350
166614
29098
2780
125336
51095
10452
22869
78996
3728
1421
57481
202500
27005
2677
11342
25937
79798
10664
9295
2768
2893
983
196074
80243
2039
64421
9014
144455
84466
9179
360023
55591
55727
144699
79676
22931
114825
90199
79862
6396
2908
10484
6804
286076
3291
56852
50862
57551
6253
5157
6046
6337
27094
56270
55150
374491
255738
3032
140686
7090
8879
55763
81565
6455
3960
10250
2103
130814
64218
4601
66000
10903
7049
83985
81539
2353
6311
283212
7099
29775
8895
10401
27156
2005
148156
51058
30844
55128
23105
128434
29117
10617
30837
9073
79413
51185
55647
11044
79415
56062
3716
57466
55631
6234
22894
3965
2894
23641
25946
78990
57449
10647
95
6388
57541
10320
94086
157680
25987
55700
5602
10123
25901
7276
9759
2739
56652
4842
80025
154661
133121
65078
80232
5890
80319
148281
80778
54784
57393
7260
121457
9372
203228
440275
90203
7329
344752
152118
3207
4800
27130
10332
85456
112802
933
11346
140690
5037
10944
1445
79664
57194
54997
55789
10657
7314
686
55040
56980
5662
56951
9940
3010
6583
150350
8303
24144
23245
64089
83597
26047
150084
84246
1540
126917
255104
57761
54973
5617
55308
7265
6444
54877
1838
64434
51350
57592
6814
3676
10651
284307
84680
65975
1731
4299
6386
90324
7353
1798
55188
8419
124056
5718
54067
4986
8846
57130
51006
112752
6339
2356
9841
493861
6344
375616
84318
55367
79009
7770
57484
7456
23382
124872
94026
10465
8447
254170
159
54808
4327
3111
164832
9232
116987
10963
6801
79891
83546
1912
25938
1662
246243
81556
23760
80020
27236
3788
1238
11007
9498
51167
64147
3635
270
4133
55729
55196
64746
23205
5036
55063
55662
23347
10716
115948
125950
222255
118663
286
4205
5050
23731
49854
29099
79733
551
126123
2294
416
11319
8906
116039
149175
7093
3614
83887
55035
8612
151963
56257
51371
54913
203859
51626
9914
6519
126859
729420
55071
57606
151648
8945
23189
3004
162655
93343
30009
128153
23546
9583
6404
10125
8463
26228
7703
132864
7179
203259
4778
26287
909
473
738
155435
8317
357
2235
271
10803
3746
90161
10490
8692
782
8913
1040
4168
10975
140465
8767
57167
6011
3050
142891
25776
5814
50640
8936
130
22871
8021
51776
4234
1207
8645
23451
8539
84722
51166
27292
7112
84162
388323
221468
349565
30848
10717
113419
6884
154288
5635
7088
284805
10623
10209
114
150365
246175
65977
81793
5422
23185
27069
5664
6201
10533
79788
3787
5156
54566
8807
8985
1300
58525
6609
727897
83894
55209
5303
57617
51104
51517
125113
84273
167826
1089
113263
78991
646023
1586
51608
333926
23401
7761
57097
54505
6588
6707
7317
91156
283446
51054
1280
55915
197370
11120
2794
90768
27095
60401
55937
479
55253
1636
59353
26524
392465
28972
54879
115727
58524
64063
221442
54097
51134
9573
79864
167227
79692
256126
5593
7678
148203
57599
5087
4552
7862
400242
340390
7552
1593
22955
51109
552889
100287569
23369
162967
55330
65996
10403
10107
113277
11108
6729
254827
57721
56159
60494
404037
1811
83931
26152
10607
8462
2036
84878
56893
219539
150771
165100
51233
1033
23272
777
51614
127795
65094
10160
10004
81569
154091
84264
90139
27063
9196
57165
257101
2048
7867
440515
7474
221154
79675
118487
3638
23196
11181
284309
389114
51250
8295
116151
26060
54529
100128927
79364
89765
2926
57231
57704
79948
23047
51133
51657
8773
3930
652995
64427
222698
11051
2030
10486
1767
404093
373156
116228
55132
11059
25766
57217
8623
1124
6462
255928
7547
166336
10648
7514
158584
140459
590
7873
5939
5081
6175
51251
5452
83590
51019
4695
9016
23181
79567
81706
9463
26128
84870
27154
23387
23549
7681
57531
8677
3763
1716
222008
242
54935
644809
9248
6157
84654
27089
1950
136853
159091
220972
23446
8314
26020
4014
10180
91181
64478
81533
9782
79649
55968
1852
283932
164045
25813
7559
146853
63897
51499
29943
22992
91050
56477
9812
8458
6572
51114
55818
9533
4709
51176
2115
5080
9786
93349
1581
1408
23556
3026
7571
57608
2147
79643
2931
54836
200172
130162
25778
54970
54360
170622
4225
10055
80013
64756
166752
120224
2015
167681
84229
4763
50651
388325
23139
7520
27230
9644
25833
2254
79802
3306
9482
27163
55644
81846
10461
112950
152816
2775
220004
4548
283927
51603
472
85377
113179
10935
7053
283489
10101
10867
81609
79992
10848
10251
9125
253980
10844
9133
79848
80324
54537
6240
55285
65999
29855
6721
23542
285193
115286
6688
57670
4684
26959
54919
93185
23197
29789
828
51145
11186
51639
29070
124402
6229
199746
1676
118738
149628
152100
646214
10235
10670
4858
1308
1996
341405
57649
5439
50937
7159
84897
9832
127255
2776
29969
54854
23527
1687
9851
90580
23365
7322
4109
252995
3177
53944
256435
83759
79744
8242
50863
79169
5704
8739
387707
57060
51042
26097
442523
145483
64778
1609
342979
131831
64393
7389
55147
25904
79577
440574
63899
8239
1447
9148
90416
54014
10611
200933
23648
302
6198
84913
23633
93010
84752
79640
55765
6926
63979
28977
4520
55702
23046
57602
64760
155382
23300
5266
116832
64376
134218
84964
373
776
2697
100131496
79139
55179
80311
60625
6678
8528
55311
55049
79703
2266
29980
2081
80345
55244
1244
8778
130502
5775
353322
55669
4216
151254
127428
5074
5287
57587
63970
27067
1006
283310
84892
57604
65220
9699
7569
220064
51755
57019
80142
284346
11237
9578
1591
389812
53615
170626
147837
114907
51374
54676
400506
7098
284013
57539
1370
79690
90993
84271
10158
55357
10069
7047
128497
55532
57521
100131017
731
27295
63035
90381
126308
29947
51203
7046
6476
4904
85352
5333
157983
2707
339105
1183
9181
4294
5858
7782
51742
9555
9467
113444
7693
10799
10787
144423
1045
6346
5017
26121
5441
4591
91445
54516
94005
3636
114038
9101
121441
54540
64184
80736
79780
1178
79646
6559
5648
79018
84861
7593
7275
5300
6518
10987
9847
4157
64062
9217
64841
7726
9455
54756
22938
89970
1580
9951
10858
25823
161823
92196
64116
26207
23428
10917
8896
5023
221472
8838
4713
84298
55217
348093
91373
92255
51538
387758
23350
9230
381
55388
51272
22824
54933
54332
120103
7582
51111
57560
23190
5203
513
8725
285971
26009
85397
1734
1603
89941
10492
124152
140290
54856
9478
10060
6490
10634
943
4952
54960
51474
342977
79019
51605
10179
54583
55175
440482
4776
375757
55745
123099
10321
375341
130916
3226
9317
79645
51526
3761
11174
57685
57724
8233
1787
5130
51135
54926
9881
6672
146433
388552
2965
6903
65998
11269
7757
9853
225689
4851
55032
254065
284257
27109
10587
51806
655
26230
10295
23114
10612
9479
29960
9988
55216
374655
5976
136306
26648
286151
946
114882
93100
143187
166863
54840
729515
2044
8521
64921
23033
7776
10077
7398
1521
89792
51013
23452
114898
84153
23178
55567
10899
132946
1582
9696
219771
4292
10687
192670
123263
55684
26253
83733
2584
64207
5189
57381
64093
892
23516
5294
79807
10103
129401
23288
9051
7733
79053
2840
163351
10643
222658
4641
23613
285521
5449
51100
29952
55276
9887
51276
8089
83719
114787
56905
64773
9119
10890
1781
8710
23334
6746
10542
54883
9730
55187
23041
223
150248
6605
427
5891
1416
22863
54899
9170
255743
79980
3321
9575
5933
3817
4636
10942
57510
51094
7095
55735
388714
255403
3906
23379
4670
92749
390963
145864
83659
84867
109
5444
23354
201475
134430
26232
55622
8082
932
51575
23224
26071
27348
26190
3096
55701
1571
55249
9289
5430
1943
4302
113189
10974
11266
55210
3780
79723
92285
57126
346171
5319
10443
83860
79683
51537
84620
64344
10871
404744
522
9929
388403
5369
94239
9443
10299
1824
55182
1762
6005
146456
91316
1677
23512
5322
23208
4784
5581
64100
9031
57571
284422
57504
54961
51200
91452
63974
10195
64326
8187
55070
64940
2526
79041
7484
2802
2327
7298
3712
4084
1020
9867
55272
23399
79657
55466
57149
5309
1349
64241
402415
26257
29072
80824
25934
57687
80790
3709
27092
285672
9070
81890
641
138307
8506
55237
29102
150383
8881
347918
642987
539
84186
57212
1054
4176
367
8243
7767
793
83959
4052
9585
51107
1993
51439
6014
326625
10933
54918
9265
89910
3082
5354
5810
9734
58538
54558
1740
10718
177
407975
9567
5813
55031
23474
129446
1659
84365
3883
387496
114932
51691
51252
56931
51281
169714
5709
55213
51319
81611
9946
5463
80152
10625
2295
11190
27294
55212
55655
220992
53339
93487
8608
152098
165721
119391
8697
1438
64216
64852
3077
114926
5798
117246
6092
5304
260425
84107
8760
57643
1774
3708
140883
641649
284391
30008
9306
100128653
10927
8803
51265
1800
5504
1633
22807
29901
5594
151516
729085
90050
64787
1822
401397
54813
54752
79696
710
3119
5371
84833
3547
64130
440757
5819
9276
23
64844
8659
10775
80205
57655
79007
4846
53841
27342
22823
10165
2314
149076
6492
114827
51274
80115
7410
10994
9097
2288
339451
64180
3456
9719
400
56965
27090
260434
3700
4088
23070
65108
28982
55624
432
8549
6790
4143
757
5729
284367
203245
1727
339344
374946
100131816
3375
55088
3249
54535
81932
3604
79178
10910
80725
23091
25898
152002
158135
3718
9942
51249
79612
5379
55670
133957
2742
2189
81892
3565
79707
27299
94031
340273
4174
79974
136647
63925
57609
55214
29993
284076
27283
1523
83463
388182
868
90529
79591
5126
27040
80306
471
64866
55799
1
25979
205717
6788
116115
6608
3283
130106
5780
7307
6899
100130967
51805
8322
92359
56647
51127
643236
5348
51582
84078
79957
5754
26235
203413
8891
64793
145873
286676
6528
83591
10245
7781
3336
28985
84541
9746
8581
9937
8975
388507
63923
5949
116988
3699
9637
55262
23649
9261
83447
3161
55135
3586
8924
55359
23510
8785
4440
22934
23326
10734
161514
54499
140836
83641
116840
158427
2035
23275
55869
3386
54680
5719
79058
129831
1638
118426
284424
1496
84889
53407
1859
10777
129080
79574
2181
3005
5166
26271
200186
79944
4821
9902
3612
55146
23097
9376
6341
55102
1314
64981
220382
79850
26499
79747
51079
339366
55739
687
81858
26750
65991
1997
441666
2762
58491
114781
158067
83890
9882
64750
140801
10500
348235
1453
124935
10566
3189
10527
10001
728450
84193
29780
2057
220965
83937
55197
23589
23637
124454
3932
4045
6585
84881
137695
197
221037
57020
79738
477
115749
7866
552
81559
729993
2963
574029
8310
80198
55108
4123
27107
79949
10262
51141
51514
285386
55163
51585
6716
374918
3363
153768
115426
148696
6491
3206
56970
55954
9454
5293
9650
63901
7884
9416
79679
4494
11334
758
529
132160
441151
84891
28986
4224
3773
57506
3590
89845
23517
221662
140732
6569
55254
79159
129790
56889
6925
5356
1435
340596
8976
83440
6545
26027
54819
57720
27102
51106
153642
85416
23247
92129
219988
64151
915
5817
389058
26045
26052
7293
25780
54796
148789
7799
1364
8315
253260
93436
284114
4110
2935
11073
57727
8563
10082
2830
1947
89944
202309
50628
4158
4771
84286
2308
23199
27032
9587
118460
23381
5770
84083
9702
5427
10914
10014
80223
7809
26220
79869
147138
124460
374969
65243
57010
79750
118442
3749
22950
284352
9804
51028
369
80006
64708
6293
84337
84328
8664
9683
170062
64976
8195
79637
6278
84181
391267
219557
54785
10952
5778
5713
10953
56181
668
54464
51320
79669
55909
26586
58155
11082
153328
7490
387103
201965
79814
10087
5051
9611
56950
2912
54467
2895
83416
51271
352909
9489
1464
7079
6414
780776
8266
10526
8110
3422
93661
83983
23142
100287896
79057
80342
387263
9476
63908
50619
10782
995
6929
64098
3042
57468
152110
114884
220108
8856
84450
6897
8045
79905
94241
56915
10556
6675
57577
150709
57514
10152
4089
163590
84525
126069
6666
57455
340206
91464
9150
55279
10468
78999
1062
6274
83461
80230
1101
93624
7881
1893
1305
399512
388650
644815
124637
3423
23767
1600
29781
64215
10000
22899
2566
7343
100130557
51629
26297
54544
23214
222663
4076
11142
79929
90809
54069
23608
55681
8811
51031
57523
56479
3860
64118
284751
196913
10489
5241
63904
81490
10534
163486
143888
7390
84261
51124
162466
84464
401546
22907
128646
10841
9774
80224
57722
2905
11218
6754
4482
11041
2184
83598
57117
9527
3622
27296
142940
90850
2638
3945
10463
84067
25844
6536
54532
1109
253650
23066
51065
54841
8526
126567
113278
9618
6495
4068
3665
50855
80336
7273
51264
1106
79794
50485
1137
80209
1144
4501
48
8859
55259
170506
419
54623
57666
253017
84167
80122
10602
27241
57053
261726
349136
55215
387695
7564
1102
8439
6745
63941
166968
114790
128272
86
22904
53832
29954
10519
124404
645644
146330
4824
23708
162963
6904
85415
4661
51266
60436
93058
29115
8128
23505
7414
80832
2918
128486
55839
139170
320
2783
9375
93377
64398
10878
161247
9609
58506
8842
186
9337
11335
125061
10636
3736
66004
2719
83443
10116
59352
54811
10460
375035
8148
5725
122258
64577
64386
55593
28974
57630
51123
9211
148808
90007
64783
79763
79722
5144
643008
79959
78986
53354
29106
10691
51733
57619
57125
27333
58158
23219
10097
51564
1295
3339
219844
65059
399664
116113
10945
9099
6487
11341
26610
126520
6457
10241
10068
9829
80005
5878
5352
9670
167153
282809
23306
219287
90625
29919
1174
862
84366
1434
221120
80237
23254
9545
56990
10367
283209
7803
11154
60437
9554
164284
254531
30833
146198
401612
84915
146713
2309
90701
81887
55349
10584
8886
9633
7737
91869
57184
84432
54866
54857
23514
8997
284723
11060
56000
124925
376497
23568
9709
23264
11030
283385
27445
79753
80270
274
4049
9666
9028
842
161753
5077
55632
10365
4836
54987
11146
2670
4255
23710
6227
144100
93183
83694
23550
6662
157697
8340
83884
79887
11127
23635
158055
125228
10771
7453
22930
7773
162972
51198
5199
2321
55233
246329
22821
940
57684
7957
5529
23341
4296
85301
50626
55974
5229
10445
79652
4041
161882
9767
1432
10434
55664
60685
84498
5549
115019
1946
9603
22997
29967
7756
387921
255762
2139
1379
8396
84320
115703
6891
7704
51529
114991
221496
3191
613
54455
7423
9900
266629
29899
83547
63931
10181
26266
25902
1263
1616
84223
118
9681
8788
9497
10855
283871
54855
26234
55177
84285
11273
9869
9817
29999
7336
80127
11104
150082
23623
100049716
143662
55074
92856
6036
57697
55329
153222
7517
3181
51667
6258
9175
7443
10113
286256
389072
57830
7348
10166
2329
51136
169436
4059
23141
51125
54361
57585
7444
79931
57642
9623
56998
6441
64689
55166
146325
10163
8738
9092
2060
84954
51302
29916
51637
79091
54512
51246
221416
23683
3337
3993
3475
11133
79740
79672
762
1285
6360
3142
79736
29994
9532
65980
5094
7226
54363
138639
29
440699
130612
7545
7712
64321
10117
9689
165324
6722
84274
1964
9470
151473
22879
83732
51397
56474
56
51101
79885
55794
144608
92579
23295
7464
56851
11145
123970
79932
54541
65117
162333
4062
221302
5714
8497
6947
406
22982
57513
58483
91752
794
57189
84837
29107
284402
2941
4853
8570
201292
10550
6727
55159
56985
5435
23271
10603
6712
1949
57646
3670
29097
116064
6943
829
143630
54619
152559
9849
860
284618
56919
3167
51504
57711
9153
64949
57179
54681
7525
10438
10236
9816
10071
27161
63935
6560
317762
10297
2535
80352
124245
85453
89890
6567
9973
5928
1365
4674
22878
203054
51693
27134
9120
1478
9652
84547
6635
51635
9252
5521
2782
10808
553
55534
10957
402573
2971
57600
84444
11283
375189
51741
80145
94081
8529
2206
29802
171586
118491
55173
29110
124961
8609
23787
65083
25829
284004
28954
1642
1130
400798
58493
285753
10633
23163
54538
54897
113828
4103
6602
6440
92369
1756
9918
952
441476
56650
30820
51270
94234
5016
55576
23397
166929
9391
7374
54876
23108
130827
10423
84759
26073
91949
3886
64282
64777
3067
84296
153364
5694
404217
5002
80279
11070
2034
11091
8153
79447
1195
10291
8559
29122
2975
56521
147912
8988
83468
145482
51297
3690
55553
4050
84085
3727
115950
79660
148252
254359
1760
8451
154215
84148
9826
161424
8576
57520
6512
54554
9798
4781
387082
10570
55083
9612
387885
147685
4610
3163
27258
1004
2079
84282
84916
6532
8698
3764
400954
80329
55530
79825
25803
79922
27201
56926
23594
3899
55110
29766
27284
4161
5211
79641
221393
84626
10762
54993
257240
206358
171568
5966
8815
7710
9315
22948
2159
5768
4137
1994
374403
55048
399909
93081
22917
3735
4351
284359
162417
128710
132989
55201
9950
55656
57864
6640
202052
55802
8395
160418
171558
348807
123811
80167
5708
1463
90233
91893
2395
23314
79901
547
51329
84206
29074
115825
84950
221035
57645
80333
150275
84859
8930
283989
26038
27044
92
57213
134147
26993
148327
246184
2886
91010
8434
8882
8479
196477
3579
1369
27344
254263
10838
162515
196403
374897
245972
81602
10270
219927
152485
4034
5501
124401
126755
90362
53373
28964
54828
403
26005
64788
2767
160518
1019
5723
89801
10256
375323
23632
55610
1310
140461
7083
149650
26239
219333
7718
92104
11325
63894
3007
1474
6742
55345
121642
7572
6146
57505
55152
2137
84553
6150
146852
79777
170394
6598
57536
81894
11193
127396
94137
11343
201305
57448
140767
55778
85442
29090
8669
10257
3750
80125
284485
56963
83989
220359
116138
9026
5789
55361
60490
3561
3549
93166
5655
84985
55860
4665
4215
9401
91304
27131
50615
55785
340481
54963
2555
50511
79817
2244
81618
92949
64318
8120
8437
79784
84284
4173
5584
283991
84629
51332
51151
154872
55717
223082
115939
8220
27336
54471
10682
23395
8493
90410
56659
84905
8535
79132
6520
57467
23112
51172
123169
51808
374387
29903
402055
158960
2157
285800
55168
57494
1842
151556
9094
656
430
4990
8898
56245
2806
54964
23786
9144
2804
54474
26040
9823
79867
6100
8847
11092
23595
10505
10200
3842
6773
138429
29956
2623
125704
91526
9215
90268
84966
5863
26276
26155
57121
581
9422
3617
3229
729967
80816
122704
9909
3681
2958
10595
1565
132789
200014
4295
51714
23380
1182
83549
6483
127670
7439
2248
285368
201255
22902
503542
4633
3572
196410
23215
56311
10750
161779
117608
8030
80063
339229
4238
5731
64772
5148
9957
7189
65249
55756
2027
25792
26012
729359
5605
54495
122664
51493
23327
374786
285282
83541
91147
3170
414328
64754
9605
84657
374875
1384
54453
5764
7434
9537
5746
6558
9616
148423
25880
118812
6524
84173
285237
2925
7174
375748
56731
51455
80745
2098
6792
283726
83540
347730
170589
10606
4649
3632
8218
60313
55229
6556
9801
55355
554
55038
83481
100288413
146310
170082
2850
4595
338651
23539
3219
23352
23303
6789
55565
201595
79618
23400
646383
883
375287
7033
158219
5099
27243
8740
4660
11035
3661
58515
51449
55092
79785
4673
10813
11236
3480
8538
26093
26258
55845
1456
8546
4130
10039
146225
54586
92399
79635
200132
83661
10002
51659
1108
25949
80169
83746
64786
5437
3270
57586
7581
92335
4878
1506
23386
9675
26086
6251
3236
4524
5306
6037
55602
64285
23308
60412
9147
3594
257177
3425
7915
374920
494514
80227
57337
29923
29914
115106
55870
23410
23294
55061
284406
80201
9632
25842
204219
3851
1635
8504
80210
65989
10776
149483
4793
284358
26528
5108
9270
26100
51287
1742
79269
57730
1418
26574
10395
6631
23085
84875
84465
81794
51361
64122
51182
149018
10949
25841
64409
23118
9904
375
10043
54859
56912
23038
644353
8565
5598
160777
6833
83941
122769
7837
348378
143879
79075
10929
6259
10244
118611
51684
388951
84612
80218
85365
54552
6710
1063
55847
51277
126393
6948
5603
8575
255488
2046
10263
84634
116986
10319
57496
79644
6009
57597
114043
79171
161357
11339
79846
56478
1315
5436
219541
51719
51611
2665
49855
2859
542767
10336
284348
22826
6049
25777
51398
51096
9185
91860
84945
9735
53637
5149
55813
54662
80308
80274
54502
7637
9646
959
10678
140730
23413
286319
162
89869
100129827
79875
54989
166785
25930
64645
29896
85449
283551
10609
89866
613212
220213
343637
6504
55636
9015
7323
84449
23007
55505
134637
84272
6305
26003
85465
9390
4772
55653
79029
2117
353497
55829
4943
654790
14
142689
84536
51083
440993
90378
4242
55148
8993
2040
84307
6453
64091
57132
142678
146212
889
84812
10342
81789
9342
10630
3772
26148
51324
84467
124997
63926
89953
5682
23555
9580
55139
54509
51596
23111
24149
56254
92305
138241
55172
54788
57693
23253
127544
255631
2241
7570
9687
8487
327657
246176
6415
2972
23495
10067
54468
92745
51322
9898
54739
9793
9380
7050
631
7327
158747
284058
93622
9129
84734
124857
55304
338657
135114
2900
3660
5539
140458
26608
10161
402682
56061
5075
23532
79065
81605
9191
51255
338692
283629
8883
5908
256979
1855
23547
29883
80144
23172
189
22865
644150
55203
84064
8200
3801
127731
403314
51734
151126
80854
283849
64328
51351
25789
57547
3184
8894
221303
5587
57579
4716
284958
9381
387893
3664
51009
84957
339855
6354
1232
168090
170712
1143
55731
55650
51010
4361
2196
204851
134728
84076
3248
132228
200197
29091
253152
56898
79102
112936
362
445347
153733
6499
5064
58529
6633
23729
157740
10482
9310
353299
116379
285148
149603
55
9665
121512
26173
27293
285440
30968
29966
375607
414927
144453
6397
9701
8720
151742
1261
94107
101
60492
9022
51744
57804
27000
94025
79369
83873
3797
541472
50813
9810
8994
90379
399821
156
158038
143684
55023
9628
245932
84894
10380
9922
126626
4650
54929
54478
3508
100130519
53353
10038
222171
113829
165829
4712
222642
55973
201633
130888
55721
57489
63967
23312
5697
10223
144193
80765
84300
84440
8718
51479
83394
5058
167838
891
80155
10265
6511
27086
51593
8516
1353
10228
54903
6047
6992
2263
79890
55278
79088
80119
79813
5705
56033
117177
56884
10665
28958
79570
56897
51204
9739
2664
25966
8079
254295
92960
10361
79734
4775
993
16
55586
64759
140699
6756
53347
80271
221692
148022
28976
51444
10846
79035
27197
29958
159195
10589
220202
51738
138050
5834
5986
746
130367
51555
9496
155066
135154
79586
5141
55833
55777
6656
79605
79958
6017
440934
585
2882
4629
122509
5802
29882
90678
80034
6664
79441
54886
414157
5536
5609
158062
10147
145376
1267
1757
9607
5226
9135
140612
54708
54507
9905
6652
27030
1634
80003
442444
29915
908
8531
11079
55145
60385
79072
23607
3679
10073
116135
2118
56947
29121
56651
9162
10430
5950
54971
5428
784
22880
60686
53918
51163
25775
60559
343099
8313
89894
23405
441061
29998
3326
10814
7091
64755
26973
55220
11156
331
4882
9399
163404
79685
51003
4923
51043
4620
8503
4324
9474
29937
143241
57210
129563
2847
441733
11222
9760
388
253012
2907
7511
27329
1294
144811
9679
100133315
10920
147798
23269
7376
84446
3222
51207
11194
4087
3074
55758
147923
57498
2934
2683
81555
6328
83604
134957
9444
1660
7266
79446
8732
2977
79054
56949
25771
148213
2260
25981
663
8505
84124
9711
81691
79634
92017
6619
8789
114879
55425
51634
387923
54943
5565
56940
1995
646903
4664
84435
3663
112
339123
27349
25855
6749
29986
83482
65095
200958
115817
10175
23281
55692
79979
9166
55687
200316
51368
9427
57109
5870
3440
84617
64129
441208
5578
54920
8867
100287932
6538
79576
51535
9925
6430
25980
123720
8939
85007
11168
51773
57142
29985
94120
79571
255189
22834
10428
401474
84302
5161
4248
8557
8073
79370
57680
7543
4807
126298
23020
8650
775
5818
287015
283600
2842
55617
1584
83658
5681
4171
5757
27
55124
171169
2013
80045
54521
136259
163050
147949
8649
54832
26268
58504
554235
705
55753
51069
65268
55116
6628
9736
6625
4055
113510
155368
9238
998
54551
441108
2960
51029
55761
79970
3150
51729
173
51157
51310
347744
51032
7498
2597
23640
55916
84172
27121
136242
162083
1870
9764
283464
64753
7259
55726
6262
54442
10219
5917
55370
29944
63827
7709
100131138
81606
54456
7124
64856
57089
389203
10988
6634
131965
5510
55316
65010
9842
51642
8751
55722
5277
80162
54823
6779
10040
51050
121256
123606
23426
79917
83450
22808
91404
60682
64792
200081
22838
54476
4783
955
54103
23353
11147
80010
256364
649
286451
6819
63875
23432
84930
84287
222
6595
6915
8476
2967
79594
4254
5793
10514
727800
1612
55052
54542
84978
79078
5153
2029
55144
6636
23078
6760
785
6160
79080
79677
9134
221935
54737
283208
25970
26278
6199
10474
7009
121340
51506
1508
79084
166379
54896
440957
23144
140687
376267
285855
100128288
167465
10998
23025
126410
84141
83544
2592
400745
259236
10591
6332
55118
5971
51147
7005
51388
25886
20
27127
388336
1982
10973
23155
115024
147920
339221
55706
2322
340419
5616
26502
27248
783
22809
400410
56996
57187
55651
7508
256646
54944
55093
143903
123228
1184
165140
200504
54932
9054
26532
91039
4948
3158
6923
57555
54865
6534
9516
540
63891
81610
80008
54851
27309
7326
59307
163183
55219
30818
8031
55143
7004
55809
5523
23363
114799
205147
8927
29927
80196
146880
9693
2160
4301
414301
489
96597
401466
8717
10273
157869
30816
30849
10919
6879
151174
254887
29803
1791
29092
94030
672
3976
53358
27285
10721
149685
3714
219990
51621
6996
11177
155061
5009
8992
338557
55529
11021
57447
51073
6659
8514
5387
84866
9319
8099
26151
23230
5582
115584
9811
10274
64769
85300
54462
5192
8971
266
653808
7477
59269
6472
23218
5799
54437
5995
3054
8723
29123
80233
51375
23131
9547
79810
64097
643338
78997
137492
317649
55715
50617
56995
323
92154
6715
1395
10815
5210
5984
25940
23261
10311
112483
27303
51022
23534
4350
201780
129685
285464
55180
387755
54207
284340
26118
122970
3257
84984
23408
117583
6570
27249
26519
4436
10198
84769
5409
79701
388962
1917
83439
79830
1621
158798
92597
546
92283
23177
55898
57158
84330
57707
255119
5700
9778
116541
58513
91975
57418
5550
7576
23028
8972
22976
8111
26205
54466
56034
84313
23378
3198
79717
54777
54346
441046
9439
55741
2116
55142
55751
284023
11196
55857
79856
10362
58497
23193
283337
57127
54822
27257
9202
84851
9813
2668
90187
7565
60561
6752
10076
11155
5794
55795
254225
84448
27076
56961
22933
9897
79816
284325
79930
5350
112869
152503
79628
256006
617
23315
642946
65003
79989
51442
64854
317671
10238
1081
56956
157769
201456
11211
84317
55737
6895
55105
6934
23627
54778
132884
10904
116225
26058
158724
2642
128821
84750
7137
55195
8744
171484
5745
165904
115560
84439
282966
113130
80346
51314
29924
388591
285908
5481
55798
9121
5868
56907
79412
9762
7223
11180
1022
100131213
1014
25796
63920
116071
26240
8844
5498
2572
55174
84503
80124
80173
57147
6566
3268
55762
9410
25847
23195
6723
790
202051
819
10745
6647
23349
60672
5576
339483
9167
126248
9341
90249
51426
29957
55231
4683
9715
154796
10793
54065
55592
124995
81554
64975
54107
339448
728448
203562
56125
64240
90634
157807
63892
5119
84343
567
4117
3784
7528
57226
64789
353274
54807
4651
23180
3856
6751
303
185
51665
124093
9468
140876
10242
374877
441631
134553
1821
7699
219743
245806
346689
7040
23545
10905
84072
53632
388963
54831
10728
221545
204962
23657
83697
26270
148753
1135
404672
51513
80194
81603
147323
6370
23367
10749
1723
65982
5336
55771
9984
7290
29128
57082
1896
221476
10498
283358
80219
9748
5167
4201
10964
283238
388969
84245
9049
79135
23530
1861
6834
8786
6869
5528
9597
79982
8816
2591
28511
26137
9136
93643
400941
80731
162394
284498
580
93587
27190
11068
199920
90407
84918
4690
51201
1361
84331
9517
57507
440508
29979
359
9617
2820
54957
11240
341880
165186
643155
1084
51337
146802
80757
132241
10188
79096
53349
25920
51105
7425
50613
130940
221421
57171
51507
10656
51567
55697
56300
147111
10479
3275
25
84306
8648
23644
80228
147686
115708
388566
7840
2182
3070
1761
81563
54508
56269
164684
2301
57211
11226
9128
27004
55245
51290
51647
10330
53344
10098
6690
115352
163688
9710
80313
51132
8417
55207
9673
6553
6894
2778
134510
222643
131669
146439
3172
84232
26526
283373
8409
91368
151050
4791
2909
4504
57708
55572
51321
23590
80347
57554
641372
128239
27124
26471
4288
286053
10120
527
10446
29095
280636
6596
4947
84166
114822
285033
387837
83594
4654
26135
363
11200
3717
57062
10301
205251
7360
158297
4888
64762
7106
54905
57511
191585
286122
79596
100287290
7334
55552
57532
6732
3848
9378
51317
79098
3276
2583
90780
23063
139231
54891
7020
79143
65244
64284
64426
54812
4915
8309
3859
140711
6637
26065
9525
2166
575
339803
118987
114625
90355
57647
140625
148932
80133
3703
4864
79838
23092
23484
3903
55668
2529
27013
57798
2167
1534
1810
4236
79090
146849
129138
3581
153478
84079
84518
64837
7596
1877
7531
916
54621
169044
654429
84560
157570
9658
153396
27019
23098
79177
3720
30834
55904
84231
6744
121355
23671
6683
8481
84066
27338
80262
10807
132
9063
56180
10411
23130
91543
83696
85437
87178
65979
79731
400569
8893
9522
84260
10483
58509
23385
3954
5257
25852
11316
129531
83875
60343
37
57822
818
83932
55336
10481
55280
126668
55290
116983
7586
9389
22846
5013
1399
2585
5816
84191
122553
22870
1346
119
6692
256987
10569
79414
9394
23528
483
23064
4496
58498
256472
896
3002
10966
9807
5128
5887
100141515
64224
410
11184
5152
113235
8763
10572
3454
5663
2324
283149
2357
91748
3832
7188
10538
80772
79039
54503
7549
3688
84656
51001
79616
126969
136895
85369
9761
79759
22893
64403
5204
55157
5601
85476
55421
8125
81626
5690
55028
203547
113622
57186
7849
92610
5564
6860
25830
10755
55027
166012
131408
4698
4140
26112
26010
51728
147947
196541
2773
160728
23228
80895
10955
51309
27315
9538
84628
5479
201163
7415
94101
6261
23174
1796
63826
23533
64388
54863
1647
57456
7355
6237
10615
202243
81631
2735
54620
84941
79839
10926
8996
339541
79590
2962
121793
81607
199786
11095
7372
23008
151760
388815
6120
22921
3204
152
10642
414918
51352
115350
10575
27141
256236
93164
8078
79363
1052
2785
162514
23569
8817
51594
51400
5970
85443
5283
84869
57575
114784
26354
339500
92345
10951
8701
197187
8766
440193
23223
79799
257397
84276
7562
124975
9993
284836
8668
10089
30000
8774
154743
22806
196051
79648
23331
726
127018
10811
123016
55764
84288
56941
5902
378
146923
116985
9741
200728
29078
9159
3978
90522
90480
387338
60312
55633
4691
5158
57595
5524
55003
23322
51510
133619
51193
57533
7375
27097
148103
79853
80204
26057
9899
78994
29890
57544
6843
57795
79073
79879
7760
80305
10276
10254
130535
150696
25818
9927
8567
405753
84899
55353
54942
2636
338440
10732
57475
5253
54888
7185
79152
4708
149840
153339
4804
7181
23460
85460
66036
4598
221078
55314
399717
57223
440
22977
51701
55103
64220
91133
8970
9169
115509
146227
11124
4122
5331
54629
765
79946
113251
7746
55347
25799
5836
4928
8321
151393
944
84632
55384
6741
51067
402665
7431
9453
202299
147929
9784
1797
65981
55325
10314
79034
9963
9290
29062
115572
3674
27033
149473
3239
816
222553
5522
1718
9437
23481
134265
84516
11078
90835
10690
91603
339487
51071
10083
54757
1999
80777
23673
55006
56834
146664
26231
2224
10864
9672
80095
339745
80018
3982
343990
2192
3881
23122
64150
80349
10018
11212
10621
162962
79712
79047
10036
25862
7173
64108
83592
84824
55879
55054
84336
25817
56978
220001
9205
4113
23037
89853
10419
7001
220416
374887
844
22954
51060
162427
3840
146434
6399
79884
2766
10943
55800
84056
7696
284680
23368
8520
375196
7172
652276
57215
192666
65988
51128
64743
10047
284415
4135
3467
84265
25984
54902
23135
3338
23001
2627
1069
57580
285601
6286
57628
26659
3092
79767
259282
79822
84236
7320
27123
5590
10369
255520
56704
57139
129025
28968
92797
64858
2257
55327
51429
3855
26223
9923
81628
84919
202
283232
10084
374470
51343
79443
606495
5188
3064
57633
9421
2736
123688
583
1497
125206
8534
23094
130752
8569
9338
56888
9526
10422
2242
2323
26147
3295
29796
374900
79142
57569
81617
9716
54602
1355
79774
51143
25953
117144
80307
81029
154865
153527
2208
89857
8986
90523
144110
10331
124817
81622
152586
54664
3300
285175
10497
401647
261734
729614
80831
221188
6708
146540
63922
2952
5972
2686
3382
345630
160364
81853
3692
5913
164127
1181
23567
50717
28
54858
84256
54921
84312
5961
361
81876
10280
116
554206
56994
123096
54585
55486
92595
23256
117145
9625
64506
202181
2903
160762
51763
57622
51557
115
24139
57553
3868
22818
55964
5245
58510
253738
79175
79815
29103
55527
10842
219749
64342
8871
9622
80320
64112
10817
81619
84249
126526
57689
51669
27238
57092
80818
148398
399967
54986
80007
107
93594
8480
266747
3034
2692
202333
126536
90019
10768
161253
4072
79720
399693
3778
727957
4745
160365
135892
25837
63971
9024
1441
10426
54726
3698
1669
6323
55720
2901
10283
5496
84623
51433
201294
55760
84132
8431
51390
51495
55660
23265
51027
6478
56673
146705
88
27077
5909
5530
817
3603
90288
147744
54776
10938
64084
85014
192683
55222
8387
22827
6367
30845
58985
51571
6335
2786
80254
282974
51406
6883
129807
27087
166793
70
440026
2091
9943
23526
148418
94134
23609
9117
64693
64172
4726
7504
5947
6468
116412
7006
6734
79971
84545
79760
55004
29886
55010
10347
1613
55734
85464
774
6908
23157
1729
2843
51720
9184
29881
26164
54872
81558
25921
644975
374383
9050
115827
8799
55718
202374
51004
65123
7392
91966
146712
10464
147339
1795
55643
2979
388630
147525
10410
51451
57115
8225
9052
29785
221927
7064
8193
64779
400566
400657
10284
5432
56171
3615
6642
10683
1763
29083
24148
11119
29079
5680
79991
317761
64080
196968
203286
84443
79671
196528
84437
5345
11171
57614
7536
55127
9409
54820
4336
131540
340554
80298
10900
122616
90806
57460
286128
4817
64895
64857
84290
124912
79665
64149
23476
157310
89958
7476
79876
138162
79858
23301
4026
83693
26260
140831
4798
89849
80011
50618
1622
54520
55296
51409
84946
130026
23040
28998
80199
91683
57099
7732
64105
1465
10906
50804
9076
55208
64397
6733
164091
9344
115701
339965
3845
3779
285598
51534
55696
23237
205327
5317
6431
114049
27330
284217
8342
55178
8897
7357
80309
5999
23548
576
201299
9732
81847
9322
84216
4839
145946
8291
111
337
80741
374739
5889
9589
5281
58512
51501
26048
127391
51616
84733
57662
25850
3069
27153
6785
79368
2264
324
90141
344405
131566
114789
374355
27198
84959
23584
29978
149499
133746
140710
2814
8292
54969
2976
91151
80789
10217
7850
64375
6575
6697
84294
56261
266977
8841
284992
54472
9142
11093
54522
5083
50808
55755
79651
29126
8654
79682
57705
84890
10970
169166
90668
8318
91012
155465
2822
9358
114904
4891
81623
23149
11322
1059
4678
919
6016
652968
6546
92737
5861
144406
26017
84517
11247
6731
79003
23438
348654
29101
64081
283234
343035
285973
200942
7316
6769
223117
7771
163882
80221
254013
57222
2671
54210
116238
60592
23225
10540
90527
541468
91977
10162
160428
146862
59341
80031
27245
65993
84326
7857
538
9255
126006
3631
57482
79036
27339
1176
7367
2706
84561
5457
51098
7407
3157
85438
4289
10629
2071
4862
81796
342184
57185
203328
137886
653583
6093
84808
7105
9706
140700
5423
51115
286077
25896
128025
79912
79778
57168
23241
140707
57140
63905
56165
100128977
25814
23151
55638
80143
23345
64425
23464
5110
80153
55623
8818
4957
83698
23062
158431
201176
9733
338707
80835
80312
9518
133558
140838
54978
79589
56606
22920
174
6847
142
170487
55297
5362
2175
25770
79918
8572
283848
4184
6737
79149
493
4345
1998
8482
399949
338799
5469
1991
90826
84108
25809
6649
6223
5994
104
256380
11116
26085
9939
55787
22843
55907
80709
1719
26262
25978
216
54143
115294
55703
5516
11000
51112
79863
387597
8545
57128
55176
55851
10015
138255
29842
2580
153830
64710
3939
145942
221955
6940
4152
112724
84105
55805
8189
6416
91369
6345
285527
9802
7475
29941
9152
9953
1071
8851
23309
57700
54959
51090
801
256643
127845
4973
51527
9700
2355
143689
4025
3373
84811
5558
51696
115795
338328
730051
5579
5639
55757
114134
143379
3459
22859
6941
164592
6853
199990
846
64800
1524
23169
9274
84937
11018
66037
5191
84455
388284
55066
4077
10535
100130744
8530
2911
83637
54101
9641
3818
283576
54826
55743
607
8344
51199
9373
7468
55693
56928
29982
3626
81857
11056
51077
2937
55512
8887
53938
7532
1032
4843
4343
7813
3741
84217
22925
55625
55234
4710
3596
83451
84266
146691
26019
115752
347862
23031
22897
93979
6866
91646
7094
57710
643836
84501
117245
3352
6949
5630
221908
8289
57101
7078
25976
23093
923
145407
5747
10908
257364
344838
23065
245936
25791
30817
85026
925
6663
54869
7180
25926
23162
57654
677
6878
11025
11189
4093
9915
8915
79969
85455
128061
182
91252
155054
51700
113746
91289
390927
1487
10155
79906
2702
55815
10447
88745
6794
57502
51678
1907
55893
54059
158399
84932
5515
7284
23099
6881
26127
1112
23503
81689
10778
90693
84340
91833
282890
10847
64399
346389
4325
51340
84334
154313
4987
5533
140885
153769
22841
118425
130074
1486
163081
9068
5024
79903
80185
6247
8085
8048
11279
55914
339230
84676
23765
4320
266727
56172
151354
5629
3376
65110
283130
3151
491
286234
253769
10327
4967
220042
4043
122953
138151
8027
2561
10667
51341
387509
57621
4646
84922
23560
6726
51633
64925
5447
644538
9875
4838
283254
54555
1789
7402
54965
53917
6283
66005
5710
8724
26095
1488
80325
144402
54953
140856
58511
51362
55920
146206
7695
27242
284131
63943
158381
91523
6919
201514
23682
3192
80775
1357
5860
5669
5570
150677
126382
5903
57713
93323
7625
93380
3607
113835
339977
2063
2705
26515
56475
1297
54461
573
2849
58190
79023
256302
8468
81608
11198
890
84081
54738
4495
255252
375057
163126
8140
1147
11188
824
254050
7167
6829
55748
55153
5692
7566
634
4669
755
347853
5991
84310
27022
55205
6449
9570
55119
55072
58480
8728
1755
10574
54936
284353
8943
352954
9885
2130
84513
9328
54994
6284
8034
4091
6442
1876
51780
199964
113451
6781
55226
84445
28990
10983
23140
22984
81693
345778
64979
54475
342357
6657
642980
65012
23370
4735
795
9631
5985
10565
22872
253461
80161
1770
29800
51092
3783
55095
84725
81629
91
6320
905
10194
201931
23557
5790
55112
56948
30827
23119
83879
59274
79622
23279
57679
1653
55709
51692
203076
7068
1656
9087
11232
9873
2625
151188
434
23457
80256
23127
768
342898
5822
55100
339287
123041
57610
84795
81545
11128
1128
57473
149111
7541
3080
55275
151835
55346
65267
25917
989
1376
5467
8228
57716
5295
56916
65057
90231
56910
55750
1557
54769
81621
55558
26160
54556
130120
63977
3651
6854
127254
9066
84164
1788
79187
79834
55975
3757
94032
64781
9949
694
10146
87769
10579
6165
79823
1750
79000
151
55012
29109
10658
57095
23005
205564
6626
259173
64850
64145
221477
285877
10220
51373
219931
55422
383
23531
30836
64132
7447
3895
1775
58533
79002
375775
11264
1769
29066
283869
2994
55181
9868
441601
7186
83607
7155
8747
5338
80036
55084
22993
169792
60598
125170
55752
57156
92815
30
23435
7976
7216
29085
9543
94274
388796
118813
26224
158293
78995
400713
24137
9731
54881
84939
970
29965
170302
285962
130560
57488
1936
55667
9662
10048
114757
51126
80764
11135
10143
5869
84900
29984
51018
147719
124045
152518
9075
57106
55769
10520
84324
148223
26030
79894
10746
2121
8834
5905
158801
26269
131870
9982
83787
2787
6324
84953
23515
6654
51542
835
5150
10810
10045
2823
126328
8554
5225
10138
56063
9948
1813
10210
284656
1129
22981
2261
11099
84951
9717
80746
375759
64094
81572
55689
421
90861
57209
4647
64745
23358
7109
2565
10980
134492
27166
5046
83539
83596
26
6714
27352
7072
57537
170685
83636
8812
9682
10869
5458
151987
221718
25870
7643
399665
89782
23625
85403
10960
5588
140453
84519
200931
9501
256714
146754
200424
200205
221711
50945
3833
2737
149428
57509
373861
135927
11235
170825
83999
84305
221443
7140
10733
386678
9889
286410
9818
55788
9557
84693
390980
604
10824
2551
115704
11083
51305
9447
9388
55814
152195
127294
54998
2319
219738
84876
9440
10605
57188
2109
55810
8795
7798
131177
8178
9792
64232
148304
80817
141
51225
79693
9173
753
3562
259217
8208
1122
120227
9320
147184
79786
550
55218
84219
29104
57674
572
144108
644890
23336
7013
260436
10972
63976
6867
28952
146857
25894
11216
4163
7270
389362
7483
7832
2863
8237
51161
84929
140460
7694
5062
374393
23013
9294
54470
11160
26043
84221
4634
79782
83986
7802
2990
27240
144132
23592
4640
3652
158586
283807
51078
90135
9156
4040
146050
84063
5929
6711
389123
55971
85446
9278
54861
22908
54934
153770
100129476
11285
7979
1944
54809
84688
8438
399979
54469
285943
54793
4741
79587
10536
160760
255043
2868
2892
55863
9727
84283
55837
4326
60468
8541
8019
27332
23236
6885
7711
3174
10993
80179
9874
28987
5546
56287
2072
10133
55630
84726
3980
23529
220963
57404
146395
2800
84647
55156
6474
149647
23030
7841
80174
51752
64848
91056
63877
283948
84433
9775
115290
516
84174
3834
94097
9879
4057
220047
10279
164395
57111
79735
8932
56623
9600
22911
120534
144165
23504
7556
2740
10551
841
5335
79631
6936
6183
319101
29767
1952
11258
252983
84033
26212
55621
1965
63895
5597
5563
157777
340547
8550
5532
3097
26984
374569
4258
23011
150946
9796
29125
29940
1121
55844
284185
79068
10013
79670
64327
148811
79140
4715
254042
8737
122416
355
823
4218
255967
79871
11052
83638
643866
91522
152217
4064
84254
23491
10134
5063
139818
79844
253143
11131
10893
79595
79849
440087
116143
388610
23523
163033
54764
221002
79877
51454
83657
51174
7515
1819
23440
219790
57001
6523
29058
958
79673
388662
4677
57410
3360
3434
11187
146722
387856
27433
54762
79870
6421
212
55350
9824
1945
158
10723
54914
116844
6571
83460
23624
3354
114823
81502
3237
93611
27239
441024
164656
10397
55248
405754
57699
4656
144715
4306
56900
50
79902
197258
147650
84940
3984
8704
6003
90121
345557
9941
114786
6228
285888
27297
84240
115399
84740
23509
6827
388533
7913
7629
5716
121601
284069
200312
1493
51016
284695
91689
3985
10576
518
400073
4998
25994
2348
4922
56853
7486
5028
90624
196264
55109
93129
81285
25821
128826
171546
90204
1837
5978
123207
58157
7706
10522
93145
112939
57826
84924
79919
4488
1825
25854
56649
245711
401145
5884
166647
51490
197335
2833
51286
51663
57030
9645
375612
9785
10795
51168
80207
388228
2339
3397
5151
9648
127700
7780
51149
8651
64764
55363
2873
